 -0.00241657232221368  0.00976864682805470  0.01944955107817671  0.02958706291267152
  0.03938077116306304  0.04926611497980046  0.05935409833110181  0.06965250770108050
  0.07992662351962725  0.09040647890399642  0.10067474101107343  0.11117097605447765
  0.12196086363172762  0.13343825197466916  0.14455705826490253  0.15479617145981328
  0.16453152890288683  0.17441586766330455  0.18394737322330290  0.19363072833237846
  0.20328195336495852  0.21320549344817558  0.22285738645129957  0.23284548305646591
  0.24335024070440081  0.25398072346757178  0.26474724684679263  0.27553859123142471
  0.28680231784670041  0.29797477200847888  0.30873503662766455  0.31927250385925726
  0.32972991299685273  0.34025419120712846  0.35063701342616582  0.36114274628738829
  0.37134986987310070  0.38159256328160257  0.39171607383815982  0.40218230884104444
  0.41298958910190009  0.42388855464297859  0.43499890344178488  0.44640355995763603
  0.45771569152368285  0.46842365159250987  0.47880994552700745  0.48890481924418788
  0.49905868643644274  0.50914494080355288  0.51930928652359143  0.53008057653319085
  0.54130323267621983  0.55262292166083682  0.56383695291878555  0.57482061359507952
  0.58565394360192058  0.59620402415441476  0.60672581506870760  0.61721771671796988
  0.62744131833285277  0.63717596962437584  0.64716163753635336  0.65722674888796129
  0.66722308103159989  0.67707010846218041  0.68692249578080178  0.69719054393389146
  0.70761690451579429  0.71851152654451100  0.72930551245836484  0.74008621937745889
  0.75075168390764546  0.76183299062770293  0.77271035482027961  0.78333212475499037
  0.79362333017335651  0.80423920311983965  0.81513884422379868  0.82635568458814723
  0.83739819748640687  0.84836702167330846  0.85910545409689754  0.86998708607215880
  0.88112308292204267  0.89235936047479492  0.90329266163839206  0.91408852305567112
  0.92535183654487829  0.93644824288134298  0.94714459093309222  0.95812817326164212
  0.96872257714141929  0.97923961118809977  0.98929170633257157  1.00000000000000000
 -0.00235538552399408  0.00942270512631726  0.01961553757371706  0.03063384283943817
  0.04135200105742270  0.05198215239839921  0.06231034036090116  0.07328341279184090
  0.08416305419879705  0.09459772729150474  0.10504450246491359  0.11577330542621439
  0.12637362646643535  0.13695429358660191  0.14700317887414110  0.15761834895753965
  0.16814173644122660  0.17872505919541942  0.18915250547705684  0.19977193936209692
  0.21103219118396027  0.22201590116233985  0.23294761091693528  0.24392723515599279
  0.25466980236902947  0.26502480876107454  0.27542055369602403  0.28633845654091195
  0.29753102413418026  0.30862004479175137  0.31987851996461047  0.33084544644284741
  0.34160233728490041  0.35211013830055354  0.36220666102817556  0.37221966417734370
  0.38220467449366385  0.39267448396138926  0.40263500267443048  0.41260172193310912
  0.42226383573307563  0.43318320935457327  0.44400461382564727  0.45528451544660276
  0.46547860494791377  0.47558256846649882  0.48576102423153539  0.49601546662969637
  0.50636788844056457  0.51632142592965147  0.52672056427545111  0.53742392412036022
  0.54822013499342337  0.55888953920163498  0.56957051620201782  0.58043493982514072
  0.59100059209937861  0.60142939240309701  0.61211106616603217  0.62293184267872437
  0.63319239741881517  0.64291746173895259  0.65273517493197031  0.66279037210948066
  0.67310938140294874  0.68343479388278372  0.69423239920332258  0.70551500147563151
  0.71660404420528079  0.72710142280648282  0.73721915157232054  0.74716452687853918
  0.75725864807232690  0.76766053871749729  0.77833368144076276  0.78904623965912035
  0.79952153396886960  0.81010664744890548  0.82086757780853026  0.83204702691192745
  0.84259414317662285  0.85352149173833158  0.86382866065751840  0.87468559585342054
  0.88514998478489382  0.89598786938715902  0.90688294821428428  0.91748002541894924
  0.92750353647546324  0.93727862988462585  0.94705788870419072  0.95705100174492419
  0.96788883367846767  0.97875704559982202  0.98967786661278256  1.00000000000000000
  0.97775620005880304  0.97785474492858349  0.97797642474943447  0.97808252922892291
  0.97817906052083814  0.97826960612877689  0.97835831833886255  0.97844670037837922
  0.97853296832876857  0.97861749605654125  0.97870100285673889  0.97878379518992542
  0.97886612608042356  0.97894844415513416  0.97902508968625879  0.97909145435328948
  0.97919880643975410  0.97931047397371584  0.97943586770228486  0.97956949771495272
  0.97970577733977682  0.97984053631262291  0.97997209807592600  0.98010519607606350
  0.98023833035395724  0.98037097986820387  0.98050419854195714  0.98063773344519889
  0.98077449963374308  0.98091215766175521  0.98104919711408678  0.98118543129287616
  0.98132503228085421  0.98146551463090315  0.98160857748812502  0.98175396082924871
  0.98189987626133979  0.98204647990215799  0.98219812656124950  0.98235291128737401
  0.98251121755203075  0.98267250008622375  0.98283386651174875  0.98299794913919625
  0.98316478225878368  0.98333436737156921  0.98350723273894314  0.98368336514572541
  0.98386214714576958  0.98404281707959984  0.98422658848373301  0.98441431394643553
  0.98460251687657951  0.98479624756461259  0.98499349599733965  0.98519656101202002
  0.98540410662882383  0.98561386459468481  0.98582734658824245  0.98604261770056933
  0.98626331663928979  0.98648649094527385  0.98671574512879412  0.98695073830233537
  0.98718865214349527  0.98742474771352640  0.98766135800462962  0.98790671190714185
  0.98815478353288122  0.98840475123277594  0.98865733014955670  0.98891245238409076
  0.98917236151491061  0.98943222010254406  0.98969362038913700  0.98995952713316016
  0.99023583123743586  0.99052175712833468  0.99081139272045704  0.99110538031970907
  0.99140689002348681  0.99171465139330306  0.99203286710614980  0.99235735103889988
  0.99269400865428314  0.99304452132914889  0.99341002444520721  0.99378972923837439
  0.99419865389992268  0.99463979877884179  0.99512299433809726  0.99565535844036079
  0.99627901068186409  0.99701717267494239  0.99805484751422624  1.00000000000000000
 -0.00429769383650322  0.02439260265462525  0.04283643833171117  0.05709989017263642
  0.06962208988323887  0.08102460566744119  0.09146894262533538  0.10119399457837545
  0.11048355433500893  0.11970227066665612  0.12883379223298888  0.13783732489968203
  0.14669712457620368  0.15560517610666255  0.16462284743392766  0.17360928548081722
  0.18238767233648173  0.19076400711191821  0.19909378101914693  0.20762053707432154
  0.21666904352166400  0.22580925028892199  0.23461007474029574  0.24345789886459399
  0.25179890021746337  0.26042550860993713  0.26886365199544482  0.27736204294059419
  0.28593385621483131  0.29440041629448316  0.30281748614013237  0.31131462558186418
  0.31999287726259362  0.32884293739586884  0.33787678479273797  0.34727623122208529
  0.35701422085227213  0.36697594116541438  0.37694168027562003  0.38703743230962101
  0.39738696692382858  0.40794777121648823  0.41870547930841606  0.42990531474748295
  0.44183937066645640  0.45427647763923074  0.46694404931571187  0.47996205033095091
  0.49311761472808086  0.50653420304287766  0.52031151720379243  0.53454626460727328
  0.54934367220233693  0.56364290584117238  0.57747552244243683  0.59126898603871092
  0.60495343901795529  0.61792398083145705  0.63069450983785491  0.64348869590917424
  0.65576196150221566  0.66762622110855563  0.67929566499919614  0.69064329207233155
  0.70155366857487311  0.71190307140127285  0.72158751354566553  0.73067456460556646
  0.73935194764032963  0.74797999765223666  0.75666339884205813  0.76553643058012633
  0.77454201926016797  0.78355608679519528  0.79241888681465122  0.80108571790898830
  0.80948562484634623  0.81778511670001275  0.82585644087724830  0.83400049878578131
  0.84211175287815843  0.85021708206582747  0.85866143381292726  0.86721416274018870
  0.87569754437867597  0.88429714158607209  0.89280485275805277  0.90146927902458285
  0.91013706573320063  0.91882755901593427  0.92798519242027289  0.93814438509384457
  0.94968590841328515  0.96272105033109057  0.97887982304200416  1.00000000000000000
   2.5901368841700605E-025  -1.0000000000000000     
 F F F F F F F F F F F F F F F F F F F F F F F F F F F F F F F F
  <DiscreteSampler_grid>
  grouped_processes
  1 # 1 for a reference and 2 for a running grid.
  10 # Attribute 'min_bin_probing_points' of the grid.
  1 # Attribute 'grid_mode' of the grid. 1=='default',2=='initialization'
  0.0000000000000000 # Attribute 'small_contrib_threshold' of the grid.
  0.5000000000000000 # Attribute 'damping_power' of the grid.
 # binID   n_entries weight   weight_sqr   abs_weight
    10   10   2.354204279282448E+002   5.542869894128996E+004   2.354204279282448E+002
    11   10   2.354204279282449E+002   5.542869894128995E+004   2.354204279282449E+002
  </DiscreteSampler_grid>
