0.01 0.00349388 0.00309859 
0.0103396 0.00345574 0.00329544 
0.0106908 0.0033202 0.00303465 
0.0110539 0.00339797 0.00294172 
0.0114293 0.00347569 0.00266794 
0.0118175 0.00364088 0.00307649 
0.0122188 0.00362184 0.00303695 
0.0126338 0.00370044 0.00296523 
0.0130629 0.00348735 0.00296639 
0.0135066 0.00342638 0.00311022 
0.0139653 0.0035562 0.0031887 
0.0144396 0.00347567 0.00318788 
0.01493 0.00346713 0.00313353 
0.0154371 0.00346803 0.00275059 
0.0159614 0.00369523 0.0031542 
0.0165034 0.00371139 0.0031592 
0.017064 0.00359946 0.00304549 
0.0176435 0.00374074 0.00337296 
0.0182427 0.00347125 0.00319288 
0.0188623 0.00359684 0.00297603 
0.0195029 0.00355158 0.00320362 
0.0201653 0.00366997 0.00333424 
0.0208502 0.00372924 0.00325355 
0.0215583 0.00357272 0.00343156 
0.0222905 0.0034858 0.00295285 
0.0230475 0.00366839 0.00289303 
0.0238303 0.00362186 0.00283857 
0.0246396 0.00364916 0.00294444 
0.0254765 0.00379528 0.00285611 
0.0263417 0.00376492 0.00341925 
0.0272364 0.00365265 0.00280432 
0.0281614 0.00382084 0.00348175 
0.0291179 0.00368901 0.00300718 
0.0301068 0.00360239 0.00324438 
0.0311293 0.00363371 0.00322848 
0.0321865 0.00383766 0.0033809 
0.0332797 0.00351388 0.00309156 
0.03441 0.00371331 0.00326334 
0.0355786 0.00371369 0.00325991 
0.036787 0.00367333 0.00377802 
0.0380364 0.00375326 0.00360826 
0.0393282 0.00388841 0.00338262 
0.0406639 0.00380289 0.00302231 
0.042045 0.00360798 0.00357941 
0.0434729 0.0036887 0.00290644 
0.0449494 0.0037906 0.0035309 
0.046476 0.00386759 0.00374466 
0.0480545 0.00367468 0.00323621 
0.0496866 0.00393736 0.0033089 
0.0513741 0.00384668 0.00357317 
0.0531189 0.00388231 0.00345042 
0.054923 0.00381255 0.00293287 
0.0567883 0.00375579 0.00370948 
0.058717 0.004008 0.00347984 
0.0607112 0.00395778 0.00364106 
0.0627731 0.00372756 0.00366987 
0.0649051 0.00379625 0.0029779 
0.0671095 0 0.00350138 
0.0693887 0 0.00350361 
0.0717453 0 0.00371397 
0.074182 0 0.00384325 
0.0767015 0 0.00389885 
0.0793065 0 0.00364775 
0.082 0 0.00382432 
0.0847849 0 0.0038356 
0.0876645 0 0.00353408 
0.0906418 0 0.00329205 
0.0937203 0 0.00382361 
0.0969033 0 0.00359261 
0.100194 0 0.0036969 
0.103597 0 0.003753 
0.107116 0 0.00367393 
0.110754 0 0.00388608 
0.114515 0 0.00394534 
0.118405 0 0.00412294 
0.122426 0 0.00394934 
0.126584 0 0.00373008 
0.130883 0 0.00403335 
0.135328 0 0.00439875 
0.139924 0 0.00394977 
0.144677 0 0.00454886 
0.14959 0 0.00471271 
0.154671 0 0.00458499 
0.159924 0 0.00442252 
0.165355 0 0.0046368 
0.170971 0 0.00437955 
0.176778 0 0.00452822 
0.182782 0 0.0050019 
0.18899 0 0.00500789 
0.195408 0 0.0049245 
0.202045 0 0.00511565 
0.208907 0 0.00526459 
0.216002 0 0.00518935 
0.223338 0 0.005349 
0.230923 0 0.00557898 
0.238766 0 0.00579094 
0.246875 0 0.00512994 
0.25526 0 0.00570226 
0.263929 0 0.00608882 
0.272893 0 0 
