0.001 0.20629 
0.001046 0.2076 
0.00109411 0.20853 
0.00114443 0.2066 
0.00119707 0.20573 
0.00125213 0.20712 
0.00130973 0.20746 
0.00136997 0.20641 
0.00143298 0.20781 
0.00149889 0.20683 
0.00156784 0.20719 
0.00163995 0.20489 
0.00171538 0.205 
0.00179429 0.20875 
0.00187681 0.20949 
0.00196314 0.20889 
0.00205344 0.2074 
0.00214789 0.20723 
0.00224668 0.20981 
0.00235002 0.20958 
0.00245811 0.20778 
0.00257118 0.20881 
0.00268944 0.21082 
0.00281315 0.2088 
0.00294254 0.20632 
0.00307789 0.20758 
0.00321946 0.20753 
0.00336754 0.20634 
0.00352243 0.20674 
0.00368445 0.20649 
0.00385392 0.20727 
0.00403119 0.20804 
0.00421661 0.20901 
0.00441056 0.20677 
0.00461343 0.2073 
0.00482563 0.20464 
0.00504759 0.20926 
0.00527976 0.20656 
0.0055226 0.20678 
0.00577662 0.20719 
0.00604233 0.2052 
0.00632025 0.20635 
0.00661096 0.20764 
0.00691504 0.20706 
0.0072331 0.20903 
0.0075658 0.20686 
0.00791379 0.20737 
0.0082778 0.20745 
0.00865855 0.20799 
0.00905681 0.20844 
0.00947339 0.20729 
0.00990912 0.20762 
0.0103649 0.20779 
0.0108416 0.20582 
0.0113403 0.20585 
0.0118619 0.20699 
0.0124075 0.20711 
0.0129782 0.20903 
0.0135752 0.20761 
0.0141996 0.20833 
0.0148527 0.20585 
0.0155359 0.20585 
0.0162505 0.20862 
0.016998 0.20843 
0.0177798 0.20871 
0.0185976 0.20672 
0.019453 0.20548 
0.0203478 0.20656 
0.0212837 0.20877 
0.0222627 0.20786 
0.0232867 0.20624 
0.0243578 0.20891 
0.0254781 0.20665 
0.02665 0.20766 
0.0278758 0.20816 
0.029158 0.20503 
0.0304992 0.20654 
0.031902 0.20726 
0.0333694 0.20558 
0.0349042 0.20653 
0.0365097 0.21009 
0.038189 0.20837 
0.0399456 0.20915 
0.0417829 0.20647 
0.0437048 0.2053 
0.045715 0.20799 
0.0478177 0.20613 
0.0500172 0.20721 
0.0523178 0.20542 
0.0547242 0.20854 
0.0572413 0.20767 
0.0598742 0.20738 
0.0626281 0.20771 
0.0655088 0.20683 
0.068522 0.20804 
0.0716737 0.20717 
0.0749704 0.20561 
0.0784188 0.20649 
0.0820257 0.20669 
0.0857986 0.20794 
0.089745 0.20569 
0.093873 0.20513 
0.0981908 0.20708 
0.102707 0.20921 
0.107431 0.20912 
0.112373 0.20649 
0.117541 0.20715 
0.122948 0.20803 
0.128603 0.20682 
0.134518 0.20663 
0.140706 0.2069 
0.147177 0.20683 
0.153947 0.20594 
0.161028 0.2066 
0.168435 0.20524 
0.176182 0.20632 
0.184286 0.20836 
0.192762 0.20768 
0.201629 0.20807 
0.210903 0.20842 
0.220604 0.20805 
0.23075 0.20755 
0.241364 0.20758 
0.252466 0.20948 
0.264078 0.21073 
0.276225 0.20916 
0.28893 0.20839 
0.30222 0.20957 
0.316121 0.21262 
0.330661 0.20931 
0.345871 0.21117 
0.361779 0.21157 
0.37842 0.21208 
0.395826 0.21505 
0.414032 0.2125 
0.433076 0.21432 
0.452996 0.212 
0.473832 0.21653 
0.495626 0.21945 
0.518423 0.2213 
0.542269 0.21912 
0.567211 0.22104 
0.593301 0.22556 
0.62059 0.22871 
0.649135 0.23192 
0.678993 0.23747 
0.710224 0.24717 
0.742891 0.25599 
0.777061 0.26823 
0.812803 0.28279 
0.850189 0.3053 
0.889295 0.33624 
0.930199 0.37389 
0.972985 0.43538 
1.01774 0.46226 
1.06455 0.45716 
1.11352 0.4556 
1.16473 0.45495 
1.21831 0.44888 
1.27434 0.44442 
1.33296 0.44131 
1.39427 0.43579 
1.4584 0.43648 
1.52548 0.43712 
1.59565 0.43791 
1.66904 0.43662 
1.74581 0.43565 
1.82611 0.43606 
1.91011 0.44356 
1.99796 0.44153 
2.08986 0.44818 
2.18599 0.45457 
2.28654 0.45666 
2.39171 0.46796 
2.50172 0.4709 
2.61679 0.484 
2.73715 0.49755 
2.86305 0.5081 
2.99474 0.51936 
3.13248 0.53436 
3.27657 0.54613 
3.42727 0.56237 
3.58492 0.57396 
3.74981 0.58255 
3.92229 0.59381 
4.10269 0.60469 
4.2914 0.61626 
4.48879 0.62901 
4.69526 0.65476 
4.91122 0.6919 
5.13712 0.74079 
5.37341 0.81823 
5.62057 0.9025 
5.87909 1.02652 
6.14951 1.18896 
6.43236 1.38818 
6.72822 1.64199 
7.0377 1.90781 
7.3614 1.9999 
