0.01 0.0134628 0.0118053 
0.0103396 0.0136001 0.0117482 
0.0106908 0.0134039 0.0116344 
0.0110539 0.013575 0.0119151 
0.0114293 0.0137039 0.0122251 
0.0118175 0.0135995 0.0119112 
0.0122188 0.0140466 0.0120567 
0.0126338 0.0138145 0.0124436 
0.0130629 0.0137411 0.0114322 
0.0135066 0.0138417 0.0121982 
0.0139653 0.0136968 0.0114747 
0.0144396 0.0136142 0.0121705 
0.01493 0.0136647 0.0125107 
0.0154371 0.0137548 0.0117007 
0.0159614 0.013687 0.0123342 
0.0165034 0.014003 0.011628 
0.017064 0.0141733 0.0114366 
0.0176435 0.0138662 0.0119998 
0.0182427 0.0139261 0.0124642 
0.0188623 0.0135408 0.0122175 
0.0195029 0.0140218 0.0122906 
0.0201653 0.0140175 0.0121491 
0.0208502 0.0144141 0.0119753 
0.0215583 0.013965 0.012289 
0.0222905 0.0141162 0.0126482 
0.0230475 0.0140956 0.012223 
0.0238303 0.0140253 0.0126992 
0.0246396 0.014122 0.0119328 
0.0254765 0.0143475 0.0119025 
0.0263417 0.0139986 0.012179 
0.0272364 0.0143969 0.0114294 
0.0281614 0.0145377 0.0132289 
0.0291179 0.0146235 0.0128964 
0.0301068 0.0146625 0.0128911 
0.0311293 0.014384 0.0123871 
0.0321865 0.0143416 0.0129507 
0.0332797 0.0142946 0.0129441 
0.03441 0.0146231 0.0127085 
0.0355786 0.0148038 0.0128414 
0.036787 0.0146998 0.0127199 
0.0380364 0.0146867 0.0128397 
0.0393282 0.0147075 0.0126103 
0.0406639 0.0145518 0.0128923 
0.042045 0.0142689 0.0126948 
0.0434729 0.0147306 0.0126721 
0.0449494 0.0147452 0.0136636 
0.046476 0.0145308 0.0130619 
0.0480545 0.0144334 0.0135398 
0.0496866 0.0150824 0.0123669 
0.0513741 0.0146246 0.0131832 
0.0531189 0.0148242 0.0132614 
0.054923 0.014468 0.0133003 
0.0567883 0.0148514 0.0131244 
0.058717 0.014581 0.0135107 
0.0607112 0.0149362 0.013089 
0.0627731 0.0150802 0.0129688 
0.0649051 0.015208 0.0140346 
0.0671095 0.0493827 0.0139335 
0.0693887 0 0.0142089 
0.0717453 0 0.0136777 
0.074182 0 0.0135367 
0.0767015 0 0.013577 
0.0793065 0 0.014 
0.082 0 0.0135572 
0.0847849 0 0.0143159 
0.0876645 0 0.0149285 
0.0906418 0 0.014457 
0.0937203 0 0.0142198 
0.0969033 0 0.0143309 
0.100194 0 0.0142192 
0.103597 0 0.0155024 
0.107116 0 0.0152331 
0.110754 0 0.015183 
0.114515 0 0.0160345 
0.118405 0 0.0166022 
0.122426 0 0.0166007 
0.126584 0 0.0162287 
0.130883 0 0.015503 
0.135328 0 0.017071 
0.139924 0 0.0170106 
0.144677 0 0.0170894 
0.14959 0 0.0166104 
0.154671 0 0.0176018 
0.159924 0 0.0174522 
0.165355 0 0.0177656 
0.170971 0 0.0173195 
0.176778 0 0.0191391 
0.182782 0 0.0183021 
0.18899 0 0.0189067 
0.195408 0 0.0187093 
0.202045 0 0.0195256 
0.208907 0 0.0193399 
0.216002 0 0.0201315 
0.223338 0 0.0199844 
0.230923 0 0.0217228 
0.238766 0 0.0206741 
0.246875 0 0.0219263 
0.25526 0 0.0210584 
0.263929 0 0.0212789 
0.272893 0 0 
