0.01 0.06963 
0.0106479 0.06995 
0.0113377 0.07065 
0.0120722 0.07046 
0.0128543 0.07044 
0.0136871 0.06956 
0.0145738 0.07089 
0.015518 0.0715 
0.0165234 0.06973 
0.0175939 0.0709 
0.0187337 0.07004 
0.0199474 0.07091 
0.0212397 0.07089 
0.0226157 0.07114 
0.0240809 0.07055 
0.025641 0.07139 
0.0273022 0.07108 
0.029071 0.07089 
0.0309544 0.06942 
0.0329598 0.06896 
0.0350951 0.07069 
0.0373688 0.07024 
0.0397897 0.07007 
0.0423676 0.07031 
0.0451124 0.06987 
0.048035 0.07057 
0.051147 0.06995 
0.0544606 0.06993 
0.0579889 0.07052 
0.0617458 0.071 
0.0657461 0.07246 
0.0700055 0.07147 
0.0745409 0.07095 
0.07937 0.07064 
0.0845121 0.07063 
0.0899873 0.07135 
0.0958172 0.07177 
0.102025 0.07149 
0.108635 0.0722 
0.115673 0.07225 
0.123167 0.06996 
0.131146 0.07064 
0.139643 0.07026 
0.148689 0.07103 
0.158322 0.0708 
0.168579 0.07098 
0.179501 0.0726 
0.19113 0.07165 
0.203513 0.07051 
0.216697 0.06995 
0.230736 0.07096 
0.245685 0.07112 
0.261602 0.07156 
0.27855 0.07085 
0.296596 0.07075 
0.315811 0.0703 
0.336272 0.07147 
0.358057 0.06978 
0.381254 0.07213 
0.405954 0.07287 
0.432254 0.07166 
0.460258 0.07156 
0.490077 0.07358 
0.521827 0.07186 
0.555634 0.07365 
0.591631 0.07569 
0.629961 0.07514 
0.670773 0.07749 
0.71423 0.07825 
0.760502 0.08142 
0.809772 0.08669 
0.862234 0.09478 
0.918094 0.11131 
0.977574 0.14321 
1.04091 0.14984 
1.10834 0.14204 
1.18015 0.13808 
1.2566 0.13045 
1.33802 0.12275 
1.4247 0.1214 
1.517 0.11282 
1.61528 0.10926 
1.71993 0.10479 
1.83136 0.10117 
1.95 0.09602 
2.07633 0.09156 
2.21085 0.08773 
2.35408 0.08446 
2.5066 0.08369 
2.66899 0.08035 
2.8419 0.07986 
3.02602 0.07712 
3.22206 0.07592 
3.4308 0.07338 
3.65307 0.07565 
3.88974 0.07554 
4.14174 0.07742 
4.41007 0.07875 
4.69578 0.07918 
5 0.08389 
5.324 0.08261 
5.669 0.08791 
6.036 0.09184 
6.427 0.09194 
6.844 0.09492 
7.287 0.09801 
7.75903 0.10157 
8.2617 0.10601 
8.79694 0.11322 
9.36686 0.12562 
9.97371 0.14534 
