0.01 0.00039 
0.0103396 0.00037 
0.0106908 0.0003 
0.0110539 0.00038 
0.0114293 0.0005 
0.0118175 0.00045 
0.0122188 0.0004 
0.0126338 0.00038 
0.0130629 0.00039 
0.0135066 0.0005 
0.0139653 0.00056 
0.0144396 0.0004 
0.01493 0.00038 
0.0154371 0.0004 
0.0159613 0.00048 
0.0165034 0.00029 
0.017064 0.00039 
0.0176435 0.00035 
0.0182427 0.0005 
0.0188623 0.00049 
0.0195029 0.00042 
0.0201653 0.00037 
0.0208502 0.0005 
0.0215583 0.00045 
0.0222905 0.00044 
0.0230475 0.00036 
0.0238303 0.00039 
0.0246396 0.00041 
0.0254765 0.00042 
0.0263417 0.00037 
0.0272364 0.00046 
0.0281614 0.0004 
0.0291179 0.00049 
0.0301068 0.00052 
0.0311293 0.00046 
0.0321865 0.00049 
0.0332797 0.00043 
0.03441 0.00051 
0.0355786 0.00048 
0.036787 0.00034 
0.0380364 0.00046 
0.0393282 0.00043 
0.0406639 0.00051 
0.042045 0.00037 
0.0434729 0.0004 
0.0449494 0.00034 
0.046476 0.00037 
0.0480545 0.00042 
0.0496866 0.00043 
0.0513741 0.00044 
0.0531189 0.00032 
0.054923 0.00048 
0.0567883 0.00048 
0.058717 0.00045 
0.0607112 0.00034 
0.0627731 0.00037 
0.0649051 0.00049 
0.0671095 0.00053 
0.0693887 0.00045 
0.0717453 0.00053 
0.074182 0.00031 
0.0767015 0.00039 
0.0793065 0.00049 
0.082 0.00053 
0.0847849 0.00041 
0.0876645 0.00041 
0.0906418 0.0004 
0.0937203 0.00046 
0.0969033 0.00047 
0.100194 0.00035 
0.103597 0.00053 
0.107116 0.00041 
0.110754 0.00043 
0.114515 0.00048 
0.118405 0.00046 
0.122426 0.00047 
0.126584 0.00035 
0.130883 0.00047 
0.135328 0.00037 
0.139924 0.0003 
0.144677 0.00049 
0.14959 0.0005 
0.154671 0.00039 
0.159924 0.00042 
0.165355 0.00041 
0.170971 0.00042 
0.176778 0.00033 
0.182782 0.00044 
0.18899 0.0004 
0.195408 0.00033 
0.202045 0.00043 
0.208907 0.00038 
0.216002 0.00054 
0.223338 0.00031 
0.230923 0.00033 
0.238766 0.0006 
0.246875 0.00043 
0.25526 0.00047 
0.263929 0.00044 
0.272893 0.00053 
0.282162 0.00059 
0.291745 0.00051 
0.301653 0.0004 
0.311898 0.00039 
0.322491 0.00036 
0.333444 0.00048 
0.344769 0.00042 
0.356478 0.00038 
0.368585 0.00043 
0.381103 0.00036 
0.394047 0.00047 
0.40743 0.00044 
0.421267 0.00051 
0.435575 0.00041 
0.450368 0.00044 
0.465664 0.00042 
0.481479 0.00053 
0.497832 0.00038 
0.51474 0.00036 
0.532222 0.00046 
0.550297 0.00043 
0.568987 0.00045 
0.588312 0.00044 
0.608292 0.00046 
0.628952 0.0004 
0.650313 0.00056 
0.672399 0.00048 
0.695236 0.00039 
0.718848 0.00045 
0.743263 0.00051 
0.768506 0.00048 
0.794607 0.00053 
0.821594 0.00051 
0.849498 0.00042 
0.878349 0.00071 
0.90818 0.0007 
0.939025 0.00079 
0.970917 0.0009 
1.00389 0.00127 
1.03799 0.00111 
1.07324 0.00118 
1.10969 0.00086 
1.14738 0.00105 
1.18635 0.00089 
1.22664 0.00104 
1.2683 0.00091 
1.31137 0.00079 
1.35591 0.00092 
1.40196 0.00075 
1.44958 0.00092 
1.49881 0.00089 
1.54971 0.00102 
1.60235 0.00076 
1.65677 0.00098 
1.71304 0.00091 
1.77122 0.00088 
1.83137 0.0008 
1.89357 0.00079 
1.95788 0.00085 
2.02438 0.00078 
2.09313 0.00071 
2.16422 0.00088 
2.23772 0.00082 
2.31372 0.00067 
2.3923 0.00069 
2.47355 0.00087 
2.55756 0.00074 
2.64443 0.00073 
2.73424 0.00065 
2.8271 0.00072 
2.92312 0.00085 
3.0224 0.00113 
3.12505 0.00074 
3.23118 0.00087 
3.34092 0.00104 
3.45439 0.00084 
3.57171 0.0007 
3.69302 0.00096 
3.81844 0.00106 
3.94813 0.00084 
4.08222 0.00102 
4.22086 0.0013 
4.36421 0.00115 
4.51244 0.00103 
4.66569 0.00104 
4.82415 0.00108 
4.98799 0.00131 
5.1574 0.00128 
5.33256 0.00143 
5.51367 0.00147 
5.70093 0.0017 
5.89455 0.00201 
6.09475 0.00204 
6.30175 0.00268 
6.51577 0.00331 
6.73707 0.00481 
6.96588 0.00618 
7.20246 0.01074 
7.44707 0.02425 
7.70000 0.00000