0.001 0.06975 
0.001046 0.06882 
0.00109411 0.07053 
0.00114443 0.07026 
0.00119707 0.0691 
0.00125213 0.06999 
0.00130973 0.07003 
0.00136997 0.06979 
0.00143298 0.07031 
0.00149889 0.07057 
0.00156784 0.06937 
0.00163995 0.06903 
0.00171538 0.06934 
0.00179429 0.06999 
0.00187681 0.07001 
0.00196314 0.07106 
0.00205344 0.07047 
0.00214789 0.06986 
0.00224668 0.0707 
0.00235002 0.07143 
0.00245811 0.07077 
0.00257118 0.07097 
0.00268944 0.07134 
0.00281315 0.07068 
0.00294254 0.06954 
0.00307789 0.06983 
0.00321946 0.0705 
0.00336754 0.07052 
0.00352243 0.06968 
0.00368445 0.07073 
0.00385392 0.06889 
0.00403119 0.07018 
0.00421661 0.07042 
0.00441056 0.0701 
0.00461343 0.06995 
0.00482563 0.06882 
0.00504759 0.0704 
0.00527976 0.06895 
0.0055226 0.0701 
0.00577662 0.07019 
0.00604233 0.06942 
0.00632025 0.06951 
0.00661096 0.07037 
0.00691504 0.07018 
0.0072331 0.07072 
0.0075658 0.06939 
0.00791379 0.06949 
0.0082778 0.07069 
0.00865855 0.07107 
0.00905681 0.07046 
0.00947339 0.06965 
0.00990912 0.07026 
0.0103649 0.06921 
0.0108416 0.06911 
0.0113403 0.06836 
0.0118619 0.06973 
0.0124075 0.0688 
0.0129782 0.07132 
0.0135752 0.07077 
0.0141996 0.06973 
0.0148527 0.06814 
0.0155359 0.06945 
0.0162505 0.07063 
0.016998 0.07065 
0.0177798 0.07031 
0.0185976 0.06867 
0.019453 0.07018 
0.0203478 0.06952 
0.0212837 0.07065 
0.0222627 0.06913 
0.0232867 0.07038 
0.0243578 0.07058 
0.0254781 0.06889 
0.02665 0.07063 
0.0278758 0.07051 
0.029158 0.0689 
0.0304992 0.0695 
0.031902 0.06957 
0.0333694 0.06902 
0.0349042 0.07022 
0.0365097 0.07113 
0.038189 0.07004 
0.0399456 0.06991 
0.0417829 0.06923 
0.0437048 0.06931 
0.045715 0.07043 
0.0478177 0.06934 
0.0500172 0.0698 
0.0523178 0.06953 
0.0547242 0.07069 
0.0572413 0.06987 
0.0598742 0.06983 
0.0626281 0.06995 
0.0655088 0.0709 
0.068522 0.07011 
0.0716737 0.06935 
0.0749704 0.06865 
0.0784188 0.07059 
0.0820257 0.07046 
0.0857986 0.06977 
0.089745 0.06844 
0.093873 0.06932 
0.0981908 0.06996 
0.102707 0.07094 
0.107431 0.07086 
0.112373 0.07051 
0.117541 0.06966 
0.122948 0.06926 
0.128603 0.07049 
0.134518 0.06903 
0.140706 0.0699 
0.147177 0.07001 
0.153947 0.06933 
0.161028 0.06815 
0.168435 0.06946 
0.176182 0.06949 
0.184286 0.07022 
0.192762 0.07014 
0.201629 0.06956 
0.210903 0.07108 
0.220604 0.06906 
0.23075 0.06976 
0.241364 0.06967 
0.252466 0.07043 
0.264078 0.0707 
0.276225 0.07151 
0.28893 0.06966 
0.30222 0.0705 
0.316121 0.07086 
0.330661 0.07141 
0.345871 0.07059 
0.361779 0.07069 
0.37842 0.0718 
0.395826 0.07085 
0.414032 0.07009 
0.433076 0.07172 
0.452996 0.07078 
0.473832 0.07156 
0.495626 0.07188 
0.518423 0.07234 
0.542269 0.07047 
0.567211 0.07337 
0.593301 0.07285 
0.62059 0.07392 
0.649135 0.07376 
0.678993 0.07651 
0.710224 0.07996 
0.742891 0.08071 
0.777061 0.08446 
0.812803 0.08698 
0.850189 0.09336 
0.889295 0.10209 
0.930199 0.11687 
0.972985 0.15132 
1.01774 0.1723 
1.06455 0.16684 
1.11352 0.16397 
1.16473 0.16247 
1.21831 0.16015 
1.27434 0.15388 
1.33296 0.14934 
1.39427 0.14427 
1.4584 0.14751 
1.52548 0.14363 
1.59565 0.14337 
1.66904 0.14095 
1.74581 0.1395 
1.82611 0.13805 
1.91011 0.1387 
1.99796 0.13516 
2.08986 0.13758 
2.18599 0.13857 
2.28654 0.13959 
2.39171 0.14308 
2.50172 0.14139 
2.61679 0.14556 
2.73715 0.14763 
2.86305 0.1512 
2.99474 0.15576 
3.13248 0.15836 
3.27657 0.16231 
3.42727 0.16968 
3.58492 0.17197 
3.74981 0.17269 
3.92229 0.17771 
4.10269 0.18208 
4.2914 0.1849 
4.48879 0.18783 
4.69526 0.19432 
4.91122 0.20555 
5.13712 0.22164 
5.37341 0.24775 
5.62057 0.27556 
5.87909 0.32539 
6.14951 0.39897 
6.43236 0.50013 
6.72822 0.66934 
7.0377 0.99805 
7.3614 1.66112 
