0.01 0.19234 
0.0106479 0.19161 
0.0113377 0.19438 
0.0120722 0.19248 
0.0128543 0.19525 
0.0136871 0.19406 
0.0145738 0.19507 
0.015518 0.19627 
0.0165234 0.19329 
0.0175939 0.19413 
0.0187337 0.19265 
0.0199474 0.19385 
0.0212397 0.19282 
0.0226157 0.19336 
0.0240809 0.19356 
0.025641 0.19508 
0.0273022 0.19572 
0.029071 0.19511 
0.0309544 0.19313 
0.0329598 0.19248 
0.0350951 0.19461 
0.0373688 0.19266 
0.0397897 0.19297 
0.0423676 0.19492 
0.0451124 0.193 
0.048035 0.19527 
0.051147 0.19496 
0.0544606 0.19331 
0.0579889 0.19464 
0.0617458 0.1966 
0.0657461 0.19477 
0.0700055 0.1952 
0.0745409 0.19438 
0.07937 0.19455 
0.0845121 0.19362 
0.0899873 0.1931 
0.0958172 0.19408 
0.102025 0.19468 
0.108635 0.19409 
0.115673 0.19596 
0.123167 0.19294 
0.131146 0.1958 
0.139643 0.19511 
0.148689 0.19497 
0.158322 0.19454 
0.168579 0.19582 
0.179501 0.19797 
0.19113 0.19624 
0.203513 0.19398 
0.216697 0.19359 
0.230736 0.19431 
0.245685 0.19454 
0.261602 0.19772 
0.27855 0.19672 
0.296596 0.19791 
0.315811 0.19465 
0.336272 0.19734 
0.358057 0.19765 
0.381254 0.19985 
0.405954 0.20154 
0.432254 0.19941 
0.460258 0.20331 
0.490077 0.20468 
0.521827 0.20528 
0.555634 0.20818 
0.591631 0.21424 
0.629961 0.21738 
0.670773 0.22396 
0.71423 0.23371 
0.760502 0.24491 
0.809772 0.26551 
0.862234 0.28662 
0.918094 0.32165 
0.977574 0.37081 
1.04091 0.37347 
1.10834 0.36442 
1.18015 0.3599 
1.2566 0.34991 
1.33802 0.3423 
1.4247 0.33449 
1.517 0.32608 
1.61528 0.31775 
1.71993 0.31046 
1.83136 0.30437 
1.95 0.29794 
2.07633 0.28963 
2.21085 0.28626 
2.35408 0.27674 
2.5066 0.27588 
2.66899 0.27108 
2.8419 0.27113 
3.02602 0.26706 
3.22206 0.26554 
3.4308 0.26393 
3.65307 0.26883 
3.88974 0.26935 
4.14174 0.27495 
4.41007 0.28009 
4.69578 0.29027 
5 0.29666 
5.324 0.30174 
5.669 0.31847 
6.036 0.32892 
6.427 0.33957 
6.844 0.3481 
7.287 0.35681 
7.75903 0.36713 
8.2617 0.38246 
8.79694 0.40856 
9.36686 0.44852 
9.97371 0.52271 
