1.000000000000000021e-02 4.06214127e-07 19
1.033962953709855956e-02 3.63454745e-07 17
1.069079389644409135e-02 3.42075054e-07 16
1.105388483467063115e-02 3.42075054e-07 16
1.142930741362462206e-02 2.99315672e-07 14
1.181748045224926755e-02 4.91732890e-07 23
1.221883699381613037e-02 2.35176600e-07 11
1.263382478902538332e-02 3.63454745e-07 17
1.306290679551347540e-02 2.77935982e-07 13
1.350656169432566146e-02 2.13796909e-07 10
1.396528442392935658e-02 2.77935982e-07 13
1.443958673236423428e-02 3.84834436e-07 18
1.492999774814496999e-02 4.70353200e-07 22
1.543706457055346246e-02 3.20695363e-07 15
1.596135287997922647e-02 4.91732890e-07 23
1.650344756898862800e-02 3.20695363e-07 15
1.706395339482722276e-02 2.77935982e-07 13
1.764349565408286982e-02 2.77935982e-07 13
1.824272088026253000e-02 2.56556291e-07 12
1.886229756506070665e-02 4.06214127e-07 19
1.950291690412438161e-02 2.56556291e-07 12
2.016529356814632246e-02 3.84834436e-07 18
2.085016650014692025e-02 2.77935982e-07 13
2.155829973983420036e-02 4.27593818e-07 20
2.229048327596137510e-02 2.56556291e-07 12
2.304753392763317019e-02 4.06214127e-07 19
2.383029625554369466e-02 3.84834436e-07 18
2.463964350416287738e-02 1.06898454e-07 5
2.547647857592211587e-02 1.49657836e-07 7
2.634173503848627820e-02 2.56556291e-07 12
2.723637816623567659e-02 2.99315672e-07 14
2.816140601711965633e-02 3.42075054e-07 16
2.911785054608354711e-02 5.34492272e-07 25
3.010677875631067105e-02 2.99315672e-07 14
3.112929388956412260e-02 1.92417218e-07 9
3.218653665695587335e-02 3.63454745e-07 17
3.327968651151664431e-02 4.48973509e-07 21
3.440996296398580317e-02 3.63454745e-07 17
3.557862694328949027e-02 4.48973509e-07 21
3.678698220322464130e-02 3.63454745e-07 17
3.803637677691805441e-02 2.56556291e-07 12
3.932820448068315849e-02 3.84834436e-07 18
4.066390646895234884e-02 4.70353200e-07 22
4.204497284201926671e-02 5.55871963e-07 26
4.347294430838489349e-02 4.91732890e-07 23
4.494941390356171212e-02 5.55871963e-07 26
4.647602876725353410e-02 4.48973509e-07 21
4.805449198089366963e-02 5.34492272e-07 25
4.968656446759137785e-02 5.55871963e-07 26
5.137406695660595712e-02 8.12428254e-07 38
5.311888201454020159e-02 7.48289181e-07 35
5.492295614551932770e-02 7.05529799e-07 33
5.678830196269801789e-02 8.12428254e-07 38
5.871700043351842091e-02 7.26909490e-07 34
6.071120320122359859e-02 1.41105960e-06 66
6.277313498521640278e-02 1.02622516e-06 48
6.490509606294181388e-02 1.53933774e-06 72
6.710946483606122781e-02 1.88141280e-06 88
