1.000000000000000021e-02
1.033962953709855956e-02
1.069079389644409135e-02
1.105388483467063115e-02
1.142930741362462206e-02
1.181748045224926755e-02
1.221883699381613037e-02
1.263382478902538332e-02
1.306290679551347540e-02
1.350656169432566146e-02
1.396528442392935658e-02
1.443958673236423428e-02
1.492999774814496999e-02
1.543706457055346246e-02
1.596135287997922647e-02
1.650344756898862800e-02
1.706395339482722276e-02
1.764349565408286982e-02
1.824272088026253000e-02
1.886229756506070665e-02
1.950291690412438161e-02
2.016529356814632246e-02
2.085016650014692025e-02
2.155829973983420036e-02
2.229048327596137510e-02
2.304753392763317019e-02
2.383029625554369466e-02
2.463964350416287738e-02
2.547647857592211587e-02
2.634173503848627820e-02
2.723637816623567659e-02
2.816140601711965633e-02
2.911785054608354711e-02
3.010677875631067105e-02
3.112929388956412260e-02
3.218653665695587335e-02
3.327968651151664431e-02
3.440996296398580317e-02
3.557862694328949027e-02
3.678698220322464130e-02
3.803637677691805441e-02
3.932820448068315849e-02
4.066390646895234884e-02
4.204497284201926671e-02
4.347294430838489349e-02
4.494941390356171212e-02
4.647602876725353410e-02
4.805449198089366963e-02
4.968656446759137785e-02
5.137406695660595712e-02
5.311888201454020159e-02
5.492295614551932770e-02
5.678830196269801789e-02
5.871700043351842091e-02
6.071120320122359859e-02
6.277313498521640278e-02
6.490509606294181388e-02
6.710946483606122781e-02
6.938870048378156796e-02
7.174534570629929886e-02
7.418202956141996263e-02
7.670147039751758211e-02
7.930647888610631302e-02
8.199996115740680602e-02
8.478492204240579977e-02
8.766446842502571835e-02
9.064181270814394842e-02
9.372027639732807835e-02
9.690329380628542877e-02
1.001944158881608177e-01
1.035973141969564748e-01
1.071157849834930426e-01
1.107537534304822990e-01
1.145152780314345059e-01
1.184045551182873884e-01
1.224259235428058618e-01
1.265838695169764772e-01
1.308830316177959918e-01
1.353282059620367350e-01
1.399243515567632212e-01
1.446765958315671119e-01
1.495902403586941432e-01
1.546707667674426245e-01
1.599238428594332018e-01
1.653553289315704000e-01
1.709712843137512206e-01
1.767779741286137629e-01
1.827818762808658959e-01
0.18898968868399355
0.1891303219640377
0.1892710598938096
0.18941190255118234
0.18955285001408714
0.1896939023605132
0.1898350596685076
0.1899763220161757
0.19011768948168087
0.19025916214324462
0.1904007400791467
0.1905424233677252
0.19068421208737632
0.19082610631655472
0.1909681061337735
0.191110211617604
0.19125242284667615
0.19139473989967848
0.1915371628553578
0.19167969179251976
0.19182232679002864
0.19196506792680723
0.1921079152818372
0.19225086893415902
0.1923939289628718
0.19253709544713365
0.19268036846616163
0.19282374809923158
0.19296723442567845
0.19311082752489625
0.19325452747633792
0.1933983343595157
0.19354224825400093
0.19368626923942406
0.19383039739547495
0.19397463280190275
0.1941189755385158
0.19426342568518193
0.19440798332182851
0.19455264852844215
0.19469742138506918
0.19484230197181543
0.1949872903688463
0.19513238665638685
0.19527759091472194
0.19542290322419603
0.19556832366521346
0.1957138523182384
0.1958594892637948
0.19600523458246663
0.1961510883548979
0.19629705066179234
0.19644312158391403
0.19658930120208706
0.1967355895971956
0.19688198685018402
0.197028493042057
0.1971751082538795
0.19732183256677663
0.19746866606193408
0.19761560882059792
0.1977626609240745
0.19790982245373084
0.19805709349099454
0.1982044741173536
0.19835196441435682
0.19849956446361372
0.19864727434679436
0.19879509414562968
0.19894302394191155
0.19909106381749248
0.19923921385428603
0.19938747413426672
0.19953584473947
0.1996843257519924
0.19983291725399163
0.1999816193276863
0.20013043205535644
0.20027935551934326
0.20042838980204905
0.2005775349859377
0.20072679115353434
0.2008761583874254
0.20102563677025892
0.20117522638474444
0.2013249273136529
0.20147473963981694
0.20162466344613092
0.20177469881555068
0.20192484583109396
0.20207510457584024
0.2022254751329307
0.20237595758556856
0.2025265520170189
0.2026772585106087
0.20282807714972695
0.20297900801782484
0.20313005119841546
0.2032812067750741
0.20343247483143842
0.20358385545120802
0.20373534871814497
0.20388695471607374
0.20403867352888094
0.20419050524051577
0.20434244993498993
0.20449450769637748
0.20464667860881516
0.20479896275650236
0.20495136022370095
0.20510387109473563
0.2052564954539939
0.2054092333859259
0.20556208497504472
0.20571505030592635
0.20586812946320962
0.2060213225315964
0.2061746295958517
0.20632805074080335
0.2064815860513425
0.20663523561242353
0.20678899950906374
0.20694287782634396
0.20709687064940835
0.20725097806346418
0.20740520015378236
0.20755953700569718
0.20771398870460636
0.20786855533597123
0.20802323698531683
0.20817803373823154
0.20833294568036775
0.20848797289744142
0.2086431154752323
0.20879837349958394
0.20895374705640396
0.20910923623166366
0.20926484111139845
0.2094205617817078
0.20957639832875505
0.2097323508387679
0.20988841939803812
0.21004460409292158
0.21020090500983857
0.21035732223527367
0.21051385585577567
0.21067050595795794
0.21082727262849824
0.21098415595413875
0.21114115602168632
0.21129827291801237
0.21145550673005284
0.2116128575448085
0.2117703254493449
0.21192791053079216
0.21208561287634545
0.21224343257326478
0.21240136970887494
0.2125594243705659
0.21271759664579265
0.21287588662207507
0.2130342943869983
0.21319282002821274
0.2133514636334338
0.21351022529044228
0.21366910508708442
0.21382810311127154
0.21398721945098065
0.21414645419425413
0.21430580742919977
0.21446527924399109
0.21462486972686715
0.21478457896613262
0.214944407050158
0.21510435406737946
0.21526442010629895
0.21542460525548437
0.21558490960356955
0.21574533323925407
0.21590587625130375
0.21606653872855036
0.21622732075989173
0.21638822243429193
0.2165492438407812
0.21671038506845597
0.21687164620647906
0.21703302734407964
0.21719452857055316
0.21735614997526162
0.21751789164763355
0.21767975367716388
0.2178417361534143
0.21800383916601304
0.21816606280465503
0.218328407159102
0.21849087231918254
0.2186534583747918
0.21881616541589216
0.21897899353251277
0.21914194281474975
0.21930501335276634
0.21946820523679292
0.21963151855712681
0.21979495340413277
0.2199585098682426
0.22012218803995562
0.2202859880098382
0.22044990986852434
0.2206139537067154
0.2207781196151802
0.22094240768475515
0.22110681800634432
0.22127135067091921
0.22143600576951925
0.22160078339325154
0.22176568363329088
0.22193070658088
0.22209585232732962
0.22226112096401815
0.22242651258239224
0.22259202727396654
0.22275766513032366
0.22292342624311454
0.2230893107040582
0.22325531860494197
0.22342145003762143
0.22358770509402062
0.2237540838661318
0.22392058644601587
0.22408721292580216
0.22425396339768852
0.22442083795394144
0.22458783668689616
0.2247549596889564
0.22492220705259486
0.22508957887035302
0.22525707523484106
0.22542469623873826
0.22559244197479283
0.22576031253582188
0.2259283080147117
0.22609642850441775
0.22626467409796447
0.22643304488844565
0.22660154096902443
0.2267701624329331
0.2269389093734734
0.22710778188401662
0.22727678005800328
0.22744590398894363
0.22761515377041752
0.22778452949607425
0.22795403125963296
0.22812365915488256
0.22829341327568153
0.22846329371595847
0.22863330056971176
0.2288034339310096
0.22897369389399036
0.2291440805528625
0.22931459400190435
0.22948523433546458
0.2296560016479621
0.2298268960338859
0.22999791758779542
0.2301690664043205
0.23034034257816122
0.23051174620408826
0.23068327737694289
0.23085493619163674
0.23102672274315228
0.23119863712654257
0.23137067943693132
0.23154284976951317
0.23171514821955355
0.2318875748823887
0.2320601298534259
0.23223281322814346
0.23240562510209054
0.2325785655708876
0.23275163473022617
0.23292483267586908
0.23309815950365023
0.23327161530947502
0.23344520018932016
0.23361891423923367
0.23379275755533518
0.23396673023381587
0.2341408323709383
0.23431506406303687
0.23448942540651765
0.23466391649785823
0.23483853743360825
0.23501328831038912
0.23518816922489402
0.23536318027388825
0.2355383215542091
0.23571359316276574
0.23588899519653966
0.23606452775258452
0.23624019092802598
0.23641598482006215
0.23659190952596354
0.2367679651430728
0.2369441517688052
0.23712046950064855
0.23729691843616293
0.2374734986729813
0.2376502103088092
0.23782705344142474
0.23800402816867894
0.23818113458849563
0.23835837279887137
0.2385357428978758
0.23871324498365148
0.23889087915441395
0.2390686455084519
0.23924654414412716
0.23942457515987467
0.23960273865420273
0.23978103472569295
0.23995946347300012
0.24013802499485262
0.2403167193900523
0.24049554675747437
0.24067450719606778
0.24085360080485507
0.24103282768293238
0.2412121879294697
0.24139168164371078
0.24157130892497317
0.24175106987264838
0.24193096458620197
0.24211099316517326
0.24229115570917584
0.2424714523178975
0.24265188309109992
0.24283244812861923
0.24301314753036593
0.2431939813963246
0.24337494982655442
0.243556052921189
0.2437372907804364
0.24391866350457928
0.24410017119397498
0.2442818139490554
0.24446359187032726
0.24464550505837213
0.2448275536138462
0.24500973763748082
0.24519205723008222
0.24537451249253148
0.24555710352578494
0.24573983043087408
0.24592269330890534
0.24610569226106063
0.24628882738859711
0.24647209879284712
0.2466555065752186
0.2468390508371949
0.2470227316803348
0.24720654920627275
0.24739050351671885
0.24757459471345872
0.24775882289835388
0.2479431881733417
0.2481276906404352
0.2483123304017234
0.24849710755937143
0.2486820222156202
0.24886707447278683
0.24905226443326473
0.2492375921995231
0.2494230578741078
0.24960866155964084
0.24979440335882047
0.24998028337442157
0.25016630170929544
0.2503524584663697
0.2505387537486489
0.25072518765921414
0.250911760301223
0.25109847177791006
0.2512853221925867
0.25147231164864103
0.25165944024953824
0.25184670809882054
0.25203411530010694
0.2522216619570939
0.2524093481735548
0.25259717405334026
0.25278513970037836
0.2529732452186743
0.25316149071231075
0.25334987628544786
0.25353840204232336
0.25372706808725237
0.25391587452462766
0.25410482145891994
0.2542939089946773
0.2544831372365258
0.2546725062891695
0.25486201625739
0.2550516672460473
0.25524145936007914
0.2554313927045013
0.25562146738440805
0.25581168350497163
0.2560020411714424
0.2561925404891493
0.2563831815634996
0.2565739644999788
0.25676488940415126
0.25695595638165963
0.2571471655382251
0.2573385169796477
0.2575300108118063
0.25772164714065826
0.25791342607223994
0.25810534771266674
0.2582974121681327
0.2584896195449111
0.25868196994935444
0.25887446348789395
0.2590671002670404
0.25925988039338377
0.25945280397359316
0.2596458711144173
0.25983908192268423
0.26003243650530145
0.26022593496925606
0.26041957742161487
0.2606133639695241
0.26080729472021
0.2610013697809785
0.26119558925921516
0.2613899532623858
0.261584461898036
0.26177911527379144
0.2619739134973579
0.26216885667652123
0.2623639449191475
0.2625591783331831
0.26275455702665484
0.2629500811076696
0.26314575068441504
0.2633415658651592
0.26353752675825065
0.26373363347211853
0.26392988611527296
0.26412628479630434
0.2643228296238843
0.26451952070676515
0.2647163581537801
0.26491334207384337
0.26511047257595033
0.26530774976917726
0.26550517376268185
0.2657027446657028
0.26590046258756017
0.26609832763765545
0.2662963399254715
0.26649449956057253
0.26669280665260436
0.2668912613112946
0.2670898636464521
0.26728861376796775
0.2674875117858141
0.26768655781004563
0.26788575195079845
0.268085094318291
0.26828458502282343
0.2684842241747781
0.26868401188461943
0.2688839482628943
0.26908403342023146
0.2692842674673422
0.2694846505150203
0.2696851826741417
0.26988586405566506
0.27008669477063163
0.27028767493016503
0.27048880464547187
0.2706900840278414
0.2708915131886456
0.2710930922393395
0.2712948212914609
0.2714967004566306
0.27169872984655263
0.2719009095730141
0.2721032397478851
0.27230572048311913
0.27250835189075306
0.272711134082907
0.27291406717178446
0.27311715126967273
0.27332038648894225
0.2735237729420474
0.273727310741526