1294.0
1295.0
1294.0
1293.0
1295.0
1295.0
1294.0
1294.0
1294.0
1294.0
1294.0
1293.0
1294.0
1294.0
1293.0
1294.0
1293.0
1295.0
1295.0
1294.0
1293.0
1294.0
1295.0
1293.0
1295.0
1294.0
1293.0
1296.0
1294.0
1294.0
1294.0
1294.0
1294.0
1294.0
1294.0
1295.0
1294.0
1294.0
1294.0
1293.0
1293.0
1294.0
1294.0
1293.0
1295.0
1295.0
1293.0
1293.0
1294.0
1294.0
1293.0
1293.0
1295.0
1294.0
1293.0
1294.0
1294.0
1293.0
1293.0
1294.0
1295.0
1293.0
1293.0
1295.0
1291.0
1292.0
1294.0
1292.0
1294.0
1294.0
1293.0
1292.0
1292.0
1294.0
1294.0
1293.0
1293.0
1293.0
1295.0
1293.0
1292.0
1294.0
1293.0
1295.0
1294.0
1292.0
1294.0
1293.0
1295.0
1292.0
1292.0
1292.0
1294.0
1293.0
1292.0
1293.0
1293.0
1293.0
1294.0
1293.0
1291.0
1292.0
1291.0
1292.0
1290.0
1290.0
1289.0
1290.0
1288.0
1288.0
1287.0
1287.0
1286.0
1286.0
1282.0
1280.0
1279.0
1279.0
1277.0
1273.0
1270.0
1266.0
1262.0
1257.0
1251.0
1244.0
1238.0
1229.0
1219.0
1208.0
1194.0
1176.0
1158.0
1134.0
1105.0
1070.0
1028.0
972.0
889.0
784.7
692.5
608.9
535.0
469.3
411.0
358.9
312.5
271.5
235.8
204.4
176.4
152.1
131.1
112.7
96.46
82.45
70.28
59.82
50.74
42.93
36.21
30.46
25.56
21.34
17.78
14.79
12.24
10.08
8.281
6.779
5.527
4.475
3.61
2.899
2.315
1.839
1.452
1.139
0.8872
0.6858
0.5265
0.4006
0.3026
0.2261
0.1675
0.123
0.08911
0.06381
0.04517
0.0316
0.02178
0.01485
0.009969
0.006615
0.00432
0.002793
0.001781
0.001121
0.0006972
0.0004289
0.0004293
0.0003581
0.0002982
0.0002475
0.0002054
0.0001699
0.0001399
0.0001152
9.434e-05
7.704e-05
6.26e-05
5.067e-05
4.082e-05
3.264e-05
2.589e-05
2.05e-05
1.611e-05
1.251e-05
9.635e-06
7.369e-06
5.576e-06
4.162e-06
3.069e-06
2.234e-06
1.601e-06
1.127e-06
7.786e-07
5.285e-07
3.501e-07
2.267e-07
1.426e-07
8.672e-08
5.113e-08
2.892e-08
1.562e-08
8.001e-09
3.866e-09
1.733e-09
7.131e-10
2.627e-10
8.467e-11
2.287e-11
4.893e-12
7.537e-13
7.022e-14
2.986e-15
3.139e-17
-1.006e-19
