401.4
401.4
401.2
401.4
401.1
401.1
401.2
401.2
400.9
401.1
401.2
400.9
401.1
401.3
401.0
401.2
401.2
401.2
401.4
401.2
401.3
401.0
401.2
401.1
401.3
401.2
401.1
401.1
401.1
401.3
401.1
401.4
401.3
401.1
401.2
401.4
401.1
401.2
401.2
401.2
401.4
401.0
401.2
401.4
401.4
401.4
401.2
401.2
401.3
401.0
401.2
401.3
401.1
401.2
401.0
400.9
401.2
401.3
401.1
401.2
401.0
401.6
401.3
401.1
400.8
401.3
401.5
401.1
401.2
401.1
401.4
401.0
401.1
401.1
401.3
401.4
401.2
401.2
401.1
401.2
401.3
400.9
401.1
401.1
401.2
401.3
401.2
401.3
401.4
401.0
401.0
401.4
401.4
401.1
401.4
401.3
401.6
401.4
401.0
401.3
401.2
401.1
401.3
401.3
401.2
401.1
401.3
401.2
400.9
401.0
401.1
401.3
401.2
401.0
401.1
401.1
400.7
401.1
401.1
401.1
401.2
400.9
400.6
400.5
400.9
400.6
400.8
400.2
400.1
400.3
399.8
400.0
399.4
399.1
398.4
398.4
397.5
396.7
395.8
394.8
393.7
391.8
389.9
387.5
384.6
381.0
376.7
371.0
364.2
355.8
345.0
330.7
312.2
286.1
241.8
195.3
156.9
125.5
99.78
78.83
61.97
48.36
37.53
28.92
22.12
16.79
12.63
9.425
6.958
5.083
3.669
2.615
1.839
1.274
0.8679
0.5803
0.3815
0.2454
0.1543
0.0948
0.05689
0.03327
0.01898
0.01058
0.005766
0.003076
0.001604
0.0008151
0.0003992
0.000186
8.034e-05
3.113e-05
1.039e-05
2.808e-06
5.609e-07
7.067e-08
4.102e-09
4.917e-11
3.206e-15

