1294.0
1294.0
1293.0
1295.0
1294.0
1294.0
1293.0
1294.0
1294.0
1294.0
1294.0
1293.0
1294.0
1295.0
1294.0
1294.0
1294.0
1294.0
1293.0
1294.0
1295.0
1294.0
1294.0
1294.0
1294.0
1293.0
1293.0
1294.0
1294.0
1294.0
1294.0
1294.0
1294.0
1294.0
1294.0
1294.0
1294.0
1294.0
1294.0
1294.0
1294.0
1294.0
1294.0
1294.0
1294.0
1294.0
1293.0
1294.0
1294.0
1294.0
1294.0
1293.0
1292.0
1292.0
1291.0
1291.0
1291.0
1290.0
1289.0
1287.0
1285.0
1283.0
1279.0
1276.0
1270.0
1261.0
1252.0
1239.0
1221.0
1199.0
1166.0
1122.0
1058.0
957.8
776.9
612.1
479.3
372.5
287.3
220.1
167.4
126.4
94.73
70.32
51.73
37.74
27.23
19.45
13.72
9.553
6.564
4.439
2.956
1.929
1.234
0.7701
0.4687
0.2768
0.1581
0.08697
0.04595
0.02325
0.01121
0.005161
0.002263
0.0009526
0.0003834
0.0001465
5.158e-05
1.585e-05
3.914e-06
