401.0
401.1
401.4
401.2
400.9
400.9
401.4
401.4
401.4
401.6
400.7
400.8
401.0
401.5
400.7
400.9
401.0
401.2
401.1
401.5
401.4
400.9
401.2
401.4
401.1
401.4
401.4
400.8
401.1
401.5
401.2
401.2
401.1
400.8
401.0
401.5
400.8
401.2
401.4
401.0
401.5
400.8
401.4
400.9
401.2
401.5
401.4
401.0
401.0
401.1
401.6
401.2
401.3
400.9
401.5
400.6
401.3
400.9
401.3
401.3
401.3
401.0
401.2
401.1
401.2
401.2
400.9
400.8
400.9
401.1
401.5
401.2
401.3
401.1
401.1
401.1
401.1
401.0
401.3
401.4
400.9
400.9
401.2
400.7
401.0
400.9
401.3
400.8
401.3
401.1
400.4
401.2
401.0
400.6
400.8
400.7
400.9
400.8
400.7
400.8
400.8
400.0
400.9
400.4
400.4
400.3
400.3
399.8
399.2
399.7
399.0
398.8
398.3
397.6
396.9
397.1
396.9
395.5
395.0
394.0
393.3
391.5
390.0
388.5
386.6
384.7
382.1
378.8
375.1
371.2
366.1
359.9
353.2
344.8
335.1
322.8
307.7
287.6
257.8
220.5
187.6
159.6
135.1
114.3
96.35
80.92
67.65
56.42
46.92
38.84
32.06
26.35
21.56
17.58
14.27
11.52
9.238
7.378
5.861
4.632
3.624
2.824
2.182
1.672
1.272
0.9568
0.7142
0.5275
0.3852
0.2783
0.1986
0.14
0.09726
0.06677
0.0453
0.03022
0.0199
0.01294
0.008302
0.005259
0.003296
0.002044
0.001248
0.0007504
0.0004422
0.0002538
0.0001405
7.429e-05
3.688e-05
1.694e-05
7.043e-06
2.578e-06
7.959e-07
1.956e-07
3.455e-08
3.708e-09
1.689e-10
1.227e-12
0
0
