262.6
401.2
401.2
401.2
400.9
401.3
401.0
401.5
401.1
401.2
401.1
401.3
400.8
401.7
401.6
401.3
401.2
401.6
401.5
401.0
401.5
401.7
400.8
401.1
400.9
401.6
402.0
401.4
401.0
401.0
400.7
401.5
400.7
400.7
401.3
401.4
401.3
401.4
400.5
401.3
400.5
401.0
401.5
402.1
400.6
401.3
401.2
401.8
401.0
400.5
401.2
401.3
400.8
400.5
401.3
400.9
401.1
400.8
401.3
401.3
401.3
401.5
401.0
401.1
401.5
401.4
400.9
401.7
400.8
401.9
400.9
401.6
401.1
400.8
401.4
401.8
400.8
401.8
401.3
401.4
401.2
401.8
401.3
401.5
400.6
400.7
400.9
401.1
401.9
402.1
401.5
400.4
400.8
400.0
401.5
401.0
401.6
400.1
400.6
401.2
400.8
401.6
400.6
400.7
400.3
400.2
400.0
400.1
399.9
399.5
400.2
398.7
398.6
398.9
397.9
397.9
396.7
396.1
395.6
394.9
393.6
393.6
391.9
390.1
389.4
386.9
384.1
381.4
378.8
374.4
371.2
366.5
360.7
352.8
344.7
334.7
322.0
308.0
287.4
257.6
220.5
187.8
159.7
135.2
114.4
96.3
80.76
67.64
56.41
46.88
38.78
32.04
26.32
21.57
17.59
14.27
11.54
9.228
7.377
5.862
4.616
3.626
2.824
2.182
1.672
1.273
0.9573
0.7141
0.5285
0.3849
0.2784
0.1984
0.1399
0.09742
0.0668
0.04527
0.03023
0.01988
0.01294
0.00831
0.005263
0.003298
0.002046
0.001249
0.0007523
0.0004433
0.0002541
0.0001404
7.421e-05
3.691e-05
1.695e-05
7.043e-06
2.582e-06
7.974e-07
1.95e-07
3.458e-08
3.713e-09
1.688e-10
1.222e-12
-1.324e-17
