0.01000000
0.01064786
0.01133769
0.01207222
0.01285433
0.01368711
0.01457384
0.01551802
0.01652337
0.01759385
0.01873369
0.01994737
0.02123968
0.02261571
0.02408089
0.02564099
0.02730217
0.02907097
0.03095436
0.03295977
0.03509510
0.03736877
0.03978974
0.04236756
0.04511238
0.04803503
0.05114703
0.05446064
0.05798892
0.06174579
0.06574605
0.07000548
0.07454085
0.07937005
0.08451212
0.08998732
0.09581724
0.10202485
0.10863463
0.11567263
0.12316659
0.13114606
0.13964249
0.14868936
0.15832235
0.16857942
0.17950100
0.19113015
0.20351270
0.21669747
0.23073643
0.24568491
0.26160185
0.27854998
0.29659611
0.31581138
0.33627153
0.35805721
0.38125430
0.40595423
0.43225437
0.46025840
0.49007669
0.52182678
0.55563384
0.59163112
0.62996052
0.67077313
0.71422983
0.76050190
0.80977176
0.86223362
0.91809427
0.97757390
1.04090698
1.10834316
1.18014826
1.25660531
1.33801572
1.42470038
1.51700098
1.61528137
1.71992896
1.83135624
1.95000244
2.07633526
2.21085267
2.35408492
2.50659661
2.66898892
2.84190198
3.02601738
3.22206088
3.43080524
3.65307331
3.88974124
4.14174193
4.41006873
4.69577934
5.00000000
5.324
5.669
6.036
6.427
6.844
7.287
7.75902634
8.26170262
8.79694528
9.36686418
9.97370584
