1.000000000000000021e-03 0.016381
1.045996193644138693e-03 0.016381
1.094108037118026854e-03 0.016381
1.144432842260916308e-03 0.016381
1.197072396886261682e-03 0.016381
1.252133170659495542e-03 0.016381
1.309726530445399400e-03 0.016381
1.369968965560631937e-03 0.016381
1.432982323387019599e-03 0.016381
1.498894055822156974e-03 0.016381
1.567837477065801453e-03 0.016381
1.639952033263458253e-03 0.016381
1.715383584552543535e-03 0.016381
1.794284700081599402e-03 0.016381
1.876814966599268594e-03 0.016381
1.963141311237186475e-03 0.016381
2.053438339139660677e-03 0.016381
2.147888686623027673e-03 0.016381
2.246683390578995115e-03 0.016381
2.350022274869135053e-03 0.016381
2.458114354492058062e-03 0.016381
2.571178258340709420e-03 0.016381
2.689442671404950955e-03 0.016381
2.813146797313701049e-03 0.016381
2.942540842152333979e-03 0.016381
3.077886520533756453e-03 0.016381
3.219457584946915779e-03 0.016381
3.367540379453221912e-03 0.016381
3.522434418851009500e-03 0.016381
3.684452994479260179e-03 0.016381
3.853923807886055781e-03 0.016381
4.031189633643340181e-03 0.016381
4.216609012648643920e-03 0.016381
4.410556977316052243e-03 0.016381
4.613425810123189010e-03 0.016381
4.825625837048483531e-03 0.016381
5.047586257503525187e-03 0.016381
5.279756012439152171e-03 0.016383
5.522604692381109445e-03 0.016383
5.776623487231901354e-03 0.016383
6.042326179759900315e-03 0.016383
6.320250184785186631e-03 0.016384
6.610957636163971099e-03 0.016384
6.915036523770167268e-03 0.016384
7.233101882773792894e-03 0.016384
7.565797037621642754e-03 0.016384
7.913794903236339925e-03 0.016384
8.277799346065596933e-03 0.016385
8.658546607734556727e-03 0.016385
9.056806794180716561e-03 0.016385
9.473385433283404780e-03 0.016385
9.909125104138273923e-03 0.016384
1.036490714127221574e-02 0.016383
1.084165341724569083e-02 0.016385
1.134032820724795859e-02 0.016385
1.186194013945662470e-02 0.016386
1.240754423510625516e-02 0.016387
1.297824404239242106e-02 0.016386
1.357519386852719390e-02 0.016388
1.419960111446069879e-02 0.016390
1.485272871699096393e-02 0.016391
1.553589770320154377e-02 0.016393
1.625048986239353149e-02 0.016393
1.699795054091629912e-02 0.016394
1.777979156554978374e-02 0.016393
1.859759430135123764e-02 0.016394
1.945301285015132303e-02 0.016394
2.034777739616880354e-02 0.016398
2.128369770551081716e-02 0.016402
2.226266678663680817e-02 0.016403
2.328666471918989372e-02 0.016403
2.435776265893988685e-02 0.016407
2.547812702693846160e-02 0.016407
2.665002389135949154e-02 0.016408
2.787582355088738875e-02 0.016416
2.915800532892383681e-02 0.016422
3.049916258830985549e-02 0.016420
3.190200797670583038e-02 0.016425
3.336937891323925320e-02 0.016433
3.490424332751725089e-02 0.016438
3.650970566261187156e-02 0.016442
3.818901315415988706e-02 0.016443
3.994556239827718597e-02 0.016448
4.178290622157238010e-02 0.016452
4.370476086715471831e-02 0.016457
4.571501351117115280e-02 0.016473
4.781773012507540416e-02 0.016491
5.001716369953154023e-02 0.016508
5.231776284658579135e-02 0.016532
5.472418079750548253e-02 0.016549
5.724128481448441386e-02 0.016566
5.987416603525074627e-02 0.016581
6.262814977048945797e-02 0.016596
6.550880627490701658e-02 0.016620
6.852196201372402762e-02 0.016628
7.167371144738360345e-02 0.016650
7.497042935831159383e-02 0.016666
7.841878374466068613e-02 0.016706
8.202574930711795109e-02 0.016753
8.579862155605373630e-02 0.016794
8.974503156754617961e-02 0.016830
9.387296141812638550e-02 0.016864
9.819076032946330579e-02 0.016906
1.027071615556425788e-01 0.016953
1.074313000471957685e-01 0.017017
1.123727309276081748e-01 0.017119
1.175414488196751539e-01 0.017206
1.229479080607974589e-01 0.017298
1.286030438481036708e-01 0.017393
1.345182943561667177e-01 0.017531
1.407056238720522656e-01 0.017657
1.471775469944905379e-01 0.017833
1.539471539461184646e-01 0.017997
1.610281370499881959e-01 0.018203
1.684348184238943780e-01 0.018399
1.761821789485351897e-01 0.018689
1.842858885680983827e-01 0.019014
1.927623379845588292e-01 0.019381
2.016286718097935193e-01 0.019779
2.109028232425672889e-01 0.020255
2.206035503405280318e-01 0.020780
2.307504739605754918e-01 0.021376
2.413641174443429682e-01 0.022024
2.524659481290596474e-01 0.022837
2.640784207677549511e-01 0.023714
2.762250229466270413e-01 0.024749
2.889303225914367501e-01 0.025985
3.022200176590160159e-01 0.027410
3.161209881143952072e-01 0.029015
3.306613502986814335e-01 0.030926
3.458705137976519906e-01 0.032934
3.617792409260866537e-01 0.035375
