1.000000000000000021e-02 0.000887
1.033962953709855956e-02 0.000820
1.069079389644409135e-02 0.000850
1.105388483467063115e-02 0.000860
1.142930741362462206e-02 0.000834
1.181748045224926755e-02 0.000799
1.221883699381613037e-02 0.000826
1.263382478902538332e-02 0.000809
1.306290679551347540e-02 0.000842
1.350656169432566146e-02 0.000723
1.396528442392935658e-02 0.000819
1.443958673236423428e-02 0.000751
1.492999774814496999e-02 0.000753
1.543706457055346246e-02 0.000765
1.596135287997922647e-02 0.000825
1.650344756898862800e-02 0.000740
1.706395339482722276e-02 0.000739
1.764349565408286982e-02 0.000730
1.824272088026253000e-02 0.000714
1.886229756506070665e-02 0.000683
1.950291690412438161e-02 0.000752
2.016529356814632246e-02 0.000708
2.085016650014692025e-02 0.000683
2.155829973983420036e-02 0.000677
2.229048327596137510e-02 0.000700
2.304753392763317019e-02 0.000659
2.383029625554369466e-02 0.000697
2.463964350416287738e-02 0.000701
2.547647857592211587e-02 0.000678
2.634173503848627820e-02 0.000675
2.723637816623567659e-02 0.000684
2.816140601711965633e-02 0.000669
2.911785054608354711e-02 0.000629
3.010677875631067105e-02 0.000662
3.112929388956412260e-02 0.000594
3.218653665695587335e-02 0.000606
3.327968651151664431e-02 0.000607
3.440996296398580317e-02 0.000641
3.557862694328949027e-02 0.000606
3.678698220322464130e-02 0.000626
3.803637677691805441e-02 0.000601
3.932820448068315849e-02 0.000591
4.066390646895234884e-02 0.000608
4.204497284201926671e-02 0.000576
4.347294430838489349e-02 0.000597
4.494941390356171212e-02 0.000565
4.647602876725353410e-02 0.000585
4.805449198089366963e-02 0.000571
4.968656446759137785e-02 0.000555
5.137406695660595712e-02 0.000565
5.311888201454020159e-02 0.000595
5.492295614551932770e-02 0.000532
5.678830196269801789e-02 0.000577
5.871700043351842091e-02 0.000483
6.071120320122359859e-02 0.000578
6.277313498521640278e-02 0.000545
6.490509606294181388e-02 0.000537
6.710946483606122781e-02 0.000571
6.938870048378156796e-02 0.000510
7.174534570629929886e-02 0.000509
7.418202956141996263e-02 0.000497
7.670147039751758211e-02 0.000530
7.930647888610631302e-02 0.000505
8.199996115740680602e-02 0.000538
8.478492204240579977e-02 0.000574
8.766446842502571835e-02 0.000487
9.064181270814394842e-02 0.000505
9.372027639732807835e-02 0.000485
9.690329380628542877e-02 0.000521
1.001944158881608177e-01 0.000510
1.035973141969564748e-01 0.000481
1.071157849834930426e-01 0.000538
1.107537534304822990e-01 0.000496
1.145152780314345059e-01 0.000489
1.184045551182873884e-01 0.000521
1.224259235428058618e-01 0.000518
1.265838695169764772e-01 0.000538
1.308830316177959918e-01 0.000525
1.353282059620367350e-01 0.000553
1.399243515567632212e-01 0.000567
1.446765958315671119e-01 0.000577
1.495902403586941432e-01 0.000597
1.546707667674426245e-01 0.000620
1.599238428594332018e-01 0.000625
1.653553289315704000e-01 0.000643
1.709712843137512206e-01 0.000714
1.767779741286137629e-01 0.000755
1.827818762808658959e-01 0.000758
1.889896886839935453e-01 0.000817
1.954083367324080112e-01 0.000841
2.020449810273707014e-01 0.000951
2.089070253653119158e-01 0.001134
2.160021249974576896e-01 0.001217
2.233381951699768553e-01 0.001386
2.309234199541774224e-01 0.001587
2.387662613766027564e-01 0.001928
2.468754688592115498e-01 0.002471
2.552600889801759365e-01 0.003477
2.639294755661831804e-01 0.005481
2.728933001275040127e-01 0.018090
