0.001 0.000126
0.0010964782 0.000111
0.0012022644 0.000123
0.0013182567 0.000101
0.0014454398 0.000098
0.0015848932 0.000130
0.0017378008 0.000100
0.0019054607 0.000122
0.0020892961 0.000118
0.0022908677 0.000127
0.0025118864 0.000108
0.0027542287 0.000116
0.0030199517 0.000116
0.0033113112 0.000118
0.0036307805 0.000118
0.0039810717 0.000120
0.0043651583 0.000113
0.0047863009 0.000110
0.0052480746 0.000114
0.0057543994 0.000124
0.0063095734 0.000124
0.0069183097 0.000121
0.0075857758 0.000112
0.0083176377 0.000100
0.0091201084 0.000102
0.01 0.000123
0.010964782 0.000119
0.012022644 0.000115
0.013182567 0.000111
0.014454398 0.000111
0.015848932 0.000123
0.017378008 0.000114
0.019054607 0.000122
0.020892961 0.000125
0.022908677 0.000125
0.025118864 0.000123
0.027542287 0.000122
0.030199517 0.000123
0.033113112 0.000127
0.036307805 0.000149
0.039810717 0.000150
0.043651583 0.000132
0.047863009 0.000126
0.052480746 0.000141
0.057543994 0.000118
0.063095734 0.000131
0.069183097 0.000142
0.075857758 0.000165
0.083176377 0.000162
0.091201084 0.000166
0.1 0.000161
0.10964782 0.000158
0.12022644 0.000176
0.13182567 0.000191
0.14454398 0.000180
0.15848932 0.000217
0.17378008 0.000193
0.19054607 0.000206
0.20892961 0.000202
0.22908677 0.000233
0.25118864 0.000233
