1.000000000000000021e-02 0.010671
1.033962953709855956e-02 0.010672
1.069079389644409135e-02 0.010672
1.105388483467063115e-02 0.010672
1.142930741362462206e-02 0.010673
1.181748045224926755e-02 0.010674
1.221883699381613037e-02 0.010674
1.263382478902538332e-02 0.010675
1.306290679551347540e-02 0.010675
1.350656169432566146e-02 0.010672
1.396528442392935658e-02 0.010673
1.443958673236423428e-02 0.010673
1.492999774814496999e-02 0.010675
1.543706457055346246e-02 0.010677
1.596135287997922647e-02 0.010679
1.650344756898862800e-02 0.010678
1.706395339482722276e-02 0.010681
1.764349565408286982e-02 0.010680
1.824272088026253000e-02 0.010681
1.886229756506070665e-02 0.010681
1.950291690412438161e-02 0.010683
2.016529356814632246e-02 0.010681
2.085016650014692025e-02 0.010682
2.155829973983420036e-02 0.010685
2.229048327596137510e-02 0.010684
2.304753392763317019e-02 0.010685
2.383029625554369466e-02 0.010687
2.463964350416287738e-02 0.010692
2.547647857592211587e-02 0.010694
2.634173503848627820e-02 0.010698
2.723637816623567659e-02 0.010698
2.816140601711965633e-02 0.010700
2.911785054608354711e-02 0.010708
3.010677875631067105e-02 0.010712
3.112929388956412260e-02 0.010712
3.218653665695587335e-02 0.010715
3.327968651151664431e-02 0.010720
3.440996296398580317e-02 0.010725
3.557862694328949027e-02 0.010727
3.678698220322464130e-02 0.010732
3.803637677691805441e-02 0.010736
3.932820448068315849e-02 0.010743
4.066390646895234884e-02 0.010747
4.204497284201926671e-02 0.010749
4.347294430838489349e-02 0.010754
4.494941390356171212e-02 0.010758
4.647602876725353410e-02 0.010764
4.805449198089366963e-02 0.010767
4.968656446759137785e-02 0.010781
5.137406695660595712e-02 0.010793
5.311888201454020159e-02 0.010801
5.492295614551932770e-02 0.010800
5.678830196269801789e-02 0.010812
5.871700043351842091e-02 0.010821
6.071120320122359859e-02 0.010827
6.277313498521640278e-02 0.010842
6.490509606294181388e-02 0.010854
6.710946483606122781e-02 0.010862
6.938870048378156796e-02 0.010873
7.174534570629929886e-02 0.010897
7.418202956141996263e-02 0.010920
7.670147039751758211e-02 0.010934
7.930647888610631302e-02 0.010945
8.199996115740680602e-02 0.010960
8.478492204240579977e-02 0.010986
8.766446842502571835e-02 0.011013
9.064181270814394842e-02 0.011022
9.372027639732807835e-02 0.011053
9.690329380628542877e-02 0.011078
1.001944158881608177e-01 0.011108
1.035973141969564748e-01 0.011139
1.071157849834930426e-01 0.011160
1.107537534304822990e-01 0.011191
1.145152780314345059e-01 0.011222
1.184045551182873884e-01 0.011259
1.224259235428058618e-01 0.011324
1.265838695169764772e-01 0.011385
1.308830316177959918e-01 0.011454
1.353282059620367350e-01 0.011513
1.399243515567632212e-01 0.011584
1.446765958315671119e-01 0.011659
1.495902403586941432e-01 0.011729
1.546707667674426245e-01 0.011810
1.599238428594332018e-01 0.011926
1.653553289315704000e-01 0.012017
1.709712843137512206e-01 0.012126
1.767779741286137629e-01 0.012261
1.827818762808658959e-01 0.012432
1.889896886839935453e-01 0.012631
1.954083367324080112e-01 0.012805
2.020449810273707014e-01 0.012983
2.089070253653119158e-01 0.013214
2.160021249974576896e-01 0.013485
2.233381951699768553e-01 0.013729
2.309234199541774224e-01 0.013961
2.387662613766027564e-01 0.014261
2.468754688592115498e-01 0.014616
2.552600889801759365e-01 0.014972
2.639294755661831804e-01 0.015466
2.728933001275040127e-01 0.015940
2.821615626474641148e-01 0.016548
2.917446027383605589e-01 0.017220
3.016531111762638107e-01 0.017910
3.118981418275770801e-01 0.018702
3.224911239806571572e-01 0.019552
3.334438750962514519e-01 0.020558
3.447686139909804104e-01 0.021603
3.564779744685670493e-01 0.022724
3.685850194140262159e-01 0.024080
