0.01000000 0.011373
0.01064786 0.011373
0.01133769 0.011374
0.01207222 0.011376
0.01285433 0.011374
0.01368711 0.011376
0.01457384 0.011377
0.01551802 0.011374
0.01652337 0.011377
0.01759385 0.011378
0.01873369 0.011379
0.01994737 0.011383
0.02123968 0.011383
0.02261571 0.011380
0.02408089 0.011379
0.02564099 0.011380
0.02730217 0.011380
0.02907097 0.011378
0.03095436 0.011379
0.03295977 0.011384
0.03509510 0.011385
0.03736877 0.011388
0.03978974 0.011391
0.04236756 0.011401
0.04511238 0.011408
0.04803503 0.011408
0.05114703 0.011417
0.05446064 0.011429
0.05798892 0.011433
0.06174579 0.011442
0.06574605 0.011461
0.07000548 0.011475
0.07454085 0.011492
0.07937005 0.011504
0.08451212 0.011536
0.08998732 0.011568
0.09581724 0.011598
0.10202485 0.011608
0.10863463 0.011644
0.11567263 0.011664
0.12316659 0.011705
0.13114606 0.011750
0.13964249 0.011826
0.14868936 0.011892
0.15832235 0.011996
0.16857942 0.012099
0.17950100 0.012233
0.19113015 0.012358
0.20351270 0.012526
0.21669747 0.012726
0.23073643 0.013044
0.24568491 0.013368
0.26160185 0.013740
0.27854998 0.014164
0.29659611 0.014719
0.31581138 0.015426
0.33627153 0.016249
0.35805721 0.017476
0.38125430 0.019005
0.40595423 0.020833
0.43225437 0.023393
0.46025840 0.026429
0.49007669 0.030534
