1.000000000000000021e-03 0.016229
1.045996193644138693e-03 0.016229
1.094108037118026854e-03 0.016229
1.144432842260916308e-03 0.016229
1.197072396886261682e-03 0.016229
1.252133170659495542e-03 0.016229
1.309726530445399400e-03 0.016229
1.369968965560631937e-03 0.016229
1.432982323387019599e-03 0.016229
1.498894055822156974e-03 0.016229
1.567837477065801453e-03 0.016229
1.639952033263458253e-03 0.016229
1.715383584552543535e-03 0.016229
1.794284700081599402e-03 0.016229
1.876814966599268594e-03 0.016229
1.963141311237186475e-03 0.016229
2.053438339139660677e-03 0.016229
2.147888686623027673e-03 0.016229
2.246683390578995115e-03 0.016229
2.350022274869135053e-03 0.016229
2.458114354492058062e-03 0.016229
2.571178258340709420e-03 0.016229
2.689442671404950955e-03 0.016229
2.813146797313701049e-03 0.016229
2.942540842152333979e-03 0.016229
3.077886520533756453e-03 0.016229
3.219457584946915779e-03 0.016229
3.367540379453221912e-03 0.016229
3.522434418851009500e-03 0.016229
3.684452994479260179e-03 0.016229
3.853923807886055781e-03 0.016229
4.031189633643340181e-03 0.016229
4.216609012648643920e-03 0.016229
4.410556977316052243e-03 0.016229
4.613425810123189010e-03 0.016229
4.825625837048483531e-03 0.016229
5.047586257503525187e-03 0.016229
5.279756012439152171e-03 0.016229
5.522604692381109445e-03 0.016229
5.776623487231901354e-03 0.016229
6.042326179759900315e-03 0.016230
6.320250184785186631e-03 0.016231
6.610957636163971099e-03 0.016231
6.915036523770167268e-03 0.016231
7.233101882773792894e-03 0.016231
7.565797037621642754e-03 0.016230
7.913794903236339925e-03 0.016231
8.277799346065596933e-03 0.016231
8.658546607734556727e-03 0.016231
9.056806794180716561e-03 0.016231
9.473385433283404780e-03 0.016231
9.909125104138273923e-03 0.016231
1.036490714127221574e-02 0.016231
1.084165341724569083e-02 0.016231
1.134032820724795859e-02 0.016231
1.186194013945662470e-02 0.016234
1.240754423510625516e-02 0.016235
1.297824404239242106e-02 0.016236
1.357519386852719390e-02 0.016236
1.419960111446069879e-02 0.016235
1.485272871699096393e-02 0.016238
1.553589770320154377e-02 0.016239
1.625048986239353149e-02 0.016241
1.699795054091629912e-02 0.016242
1.777979156554978374e-02 0.016244
1.859759430135123764e-02 0.016244
1.945301285015132303e-02 0.016244
2.034777739616880354e-02 0.016245
2.128369770551081716e-02 0.016248
2.226266678663680817e-02 0.016249
2.328666471918989372e-02 0.016256
2.435776265893988685e-02 0.016259
2.547812702693846160e-02 0.016261
2.665002389135949154e-02 0.016262
2.787582355088738875e-02 0.016268
2.915800532892383681e-02 0.016271
3.049916258830985549e-02 0.016278
3.190200797670583038e-02 0.016282
3.336937891323925320e-02 0.016288
3.490424332751725089e-02 0.016292
3.650970566261187156e-02 0.016297
3.818901315415988706e-02 0.016306
3.994556239827718597e-02 0.016318
4.178290622157238010e-02 0.016328
4.370476086715471831e-02 0.016341
4.571501351117115280e-02 0.016355
4.781773012507540416e-02 0.016362
5.001716369953154023e-02 0.016379
5.231776284658579135e-02 0.016394
5.472418079750548253e-02 0.016413
5.724128481448441386e-02 0.016439
5.987416603525074627e-02 0.016453
6.262814977048945797e-02 0.016471
6.550880627490701658e-02 0.016499
6.852196201372402762e-02 0.016519
7.167371144738360345e-02 0.016543
7.497042935831159383e-02 0.016589
7.841878374466068613e-02 0.016631
8.202574930711795109e-02 0.016664
8.579862155605373630e-02 0.016708
8.974503156754617961e-02 0.016748
9.387296141812638550e-02 0.016809
9.819076032946330579e-02 0.016858
1.027071615556425788e-01 0.016931
1.074313000471957685e-01 0.017016
1.123727309276081748e-01 0.017118
1.175414488196751539e-01 0.017204
1.229479080607974589e-01 0.017299
1.286030438481036708e-01 0.017427
1.345182943561667177e-01 0.017569
1.407056238720522656e-01 0.017750
1.471775469944905379e-01 0.017889
