1.000000000000000021e-02 0.010702
1.033962953709855956e-02 0.010702
1.069079389644409135e-02 0.010701
1.105388483467063115e-02 0.010700
1.142930741362462206e-02 0.010700
1.181748045224926755e-02 0.010700
1.221883699381613037e-02 0.010700
1.263382478902538332e-02 0.010701
1.306290679551347540e-02 0.010702
1.350656169432566146e-02 0.010703
1.396528442392935658e-02 0.010702
1.443958673236423428e-02 0.010704
1.492999774814496999e-02 0.010703
1.543706457055346246e-02 0.010703
1.596135287997922647e-02 0.010704
1.650344756898862800e-02 0.010704
1.706395339482722276e-02 0.010704
1.764349565408286982e-02 0.010705
1.824272088026253000e-02 0.010704
1.886229756506070665e-02 0.010704
1.950291690412438161e-02 0.010704
2.016529356814632246e-02 0.010707
2.085016650014692025e-02 0.010708
2.155829973983420036e-02 0.010708
2.229048327596137510e-02 0.010712
2.304753392763317019e-02 0.010713
2.383029625554369466e-02 0.010716
2.463964350416287738e-02 0.010717
2.547647857592211587e-02 0.010722
2.634173503848627820e-02 0.010726
2.723637816623567659e-02 0.010725
2.816140601711965633e-02 0.010726
2.911785054608354711e-02 0.010726
3.010677875631067105e-02 0.010729
3.112929388956412260e-02 0.010731
3.218653665695587335e-02 0.010735
3.327968651151664431e-02 0.010732
3.440996296398580317e-02 0.010733
3.557862694328949027e-02 0.010736
3.678698220322464130e-02 0.010735
3.803637677691805441e-02 0.010740
3.932820448068315849e-02 0.010741
4.066390646895234884e-02 0.010744
4.204497284201926671e-02 0.010748
4.347294430838489349e-02 0.010754
4.494941390356171212e-02 0.010761
4.647602876725353410e-02 0.010764
4.805449198089366963e-02 0.010768
4.968656446759137785e-02 0.010776
5.137406695660595712e-02 0.010774
5.311888201454020159e-02 0.010782
5.492295614551932770e-02 0.010783
5.678830196269801789e-02 0.010790
5.871700043351842091e-02 0.010800
6.071120320122359859e-02 0.010807
6.277313498521640278e-02 0.010820
6.490509606294181388e-02 0.010835
6.710946483606122781e-02 0.010845
6.938870048378156796e-02 0.010856
7.174534570629929886e-02 0.010862
7.418202956141996263e-02 0.010867
7.670147039751758211e-02 0.010878
7.930647888610631302e-02 0.010899
8.199996115740680602e-02 0.010915
8.478492204240579977e-02 0.010924
8.766446842502571835e-02 0.010945
9.064181270814394842e-02 0.010964
9.372027639732807835e-02 0.010997
9.690329380628542877e-02 0.011017
1.001944158881608177e-01 0.011026
1.035973141969564748e-01 0.011052
1.071157849834930426e-01 0.011079
1.107537534304822990e-01 0.011114
1.145152780314345059e-01 0.011159
1.184045551182873884e-01 0.011207
1.224259235428058618e-01 0.011263
1.265838695169764772e-01 0.011326
1.308830316177959918e-01 0.011379
1.353282059620367350e-01 0.011441
1.399243515567632212e-01 0.011497
1.446765958315671119e-01 0.011564
1.495902403586941432e-01 0.011679
