1.000000000000000021e-03 0.017524
1.045996193644138693e-03 0.017695
1.094108037118026854e-03 0.017700
1.144432842260916308e-03 0.017101
1.197072396886261682e-03 0.018042
1.252133170659495542e-03 0.017809
1.309726530445399400e-03 0.017349
1.369968965560631937e-03 0.017864
1.432982323387019599e-03 0.017548
1.498894055822156974e-03 0.017958
1.567837477065801453e-03 0.017323
1.639952033263458253e-03 0.017723
1.715383584552543535e-03 0.017858
1.794284700081599402e-03 0.017715
1.876814966599268594e-03 0.017680
1.963141311237186475e-03 0.017426
2.053438339139660677e-03 0.017546
2.147888686623027673e-03 0.017574
2.246683390578995115e-03 0.017676
2.350022274869135053e-03 0.017824
2.458114354492058062e-03 0.017914
2.571178258340709420e-03 0.018027
2.689442671404950955e-03 0.017691
2.813146797313701049e-03 0.018138
2.942540842152333979e-03 0.018068
3.077886520533756453e-03 0.017548
3.219457584946915779e-03 0.017969
3.367540379453221912e-03 0.017907
3.522434418851009500e-03 0.017552
3.684452994479260179e-03 0.017608
3.853923807886055781e-03 0.017991
4.031189633643340181e-03 0.018100
4.216609012648643920e-03 0.018065
4.410556977316052243e-03 0.018070
4.613425810123189010e-03 0.018147
4.825625837048483531e-03 0.018510
5.047586257503525187e-03 0.017723
5.279756012439152171e-03 0.018382
5.522604692381109445e-03 0.018245
5.776623487231901354e-03 0.018356
6.042326179759900315e-03 0.018472
6.320250184785186631e-03 0.018209
6.610957636163971099e-03 0.018390
6.915036523770167268e-03 0.018472
7.233101882773792894e-03 0.018572
7.565797037621642754e-03 0.018643
7.913794903236339925e-03 0.018780
8.277799346065596933e-03 0.018598
8.658546607734556727e-03 0.018767
9.056806794180716561e-03 0.018897
9.473385433283404780e-03 0.019143
9.909125104138273923e-03 0.019066
1.036490714127221574e-02 0.019036
1.084165341724569083e-02 0.019244
1.134032820724795859e-02 0.019430
1.186194013945662470e-02 0.019383
1.240754423510625516e-02 0.019622
1.297824404239242106e-02 0.019209
1.357519386852719390e-02 0.019385
1.419960111446069879e-02 0.019802
1.485272871699096393e-02 0.019765
1.553589770320154377e-02 0.020014
1.625048986239353149e-02 0.020142
1.699795054091629912e-02 0.019898
1.777979156554978374e-02 0.020112
1.859759430135123764e-02 0.020170
1.945301285015132303e-02 0.020202
2.034777739616880354e-02 0.020272
2.128369770551081716e-02 0.020557
2.226266678663680817e-02 0.020666
2.328666471918989372e-02 0.020706
2.435776265893988685e-02 0.020715
2.547812702693846160e-02 0.020865
2.665002389135949154e-02 0.020852
2.787582355088738875e-02 0.020978
2.915800532892383681e-02 0.021098
3.049916258830985549e-02 0.021284
3.190200797670583038e-02 0.021463
3.336937891323925320e-02 0.021694
3.490424332751725089e-02 0.021519
3.650970566261187156e-02 0.021654
3.818901315415988706e-02 0.021722
3.994556239827718597e-02 0.021951
4.178290622157238010e-02 0.021771
4.370476086715471831e-02 0.021737
4.571501351117115280e-02 0.022058
4.781773012507540416e-02 0.022205
5.001716369953154023e-02 0.022231
5.231776284658579135e-02 0.022287
5.472418079750548253e-02 0.022334
5.724128481448441386e-02 0.022223
5.987416603525074627e-02 0.022535
6.262814977048945797e-02 0.022648
6.550880627490701658e-02 0.022672
