0.01000000 0.041250
0.01064786 0.041250
0.01133769 0.041250
0.01207222 0.041250
0.01285433 0.041253
0.01368711 0.041256
0.01457384 0.041258
0.01551802 0.041258
0.01652337 0.041260
0.01759385 0.041264
0.01873369 0.041265
0.01994737 0.041271
0.02123968 0.041268
0.02261571 0.041275
0.02408089 0.041273
0.02564099 0.041278
0.02730217 0.041281
0.02907097 0.041284
0.03095436 0.041293
0.03295977 0.041315
0.03509510 0.041332
0.03736877 0.041344
0.03978974 0.041362
0.04236756 0.041388
0.04511238 0.041401
0.04803503 0.041428
0.05114703 0.041452
0.05446064 0.041467
0.05798892 0.041496
0.06174579 0.041524
0.06574605 0.041579
0.07000548 0.041627
0.07454085 0.041687
0.07937005 0.041768
0.08451212 0.041839
0.08998732 0.041928
0.09581724 0.042021
0.10202485 0.042131
0.10863463 0.042265
0.11567263 0.042419
0.12316659 0.042578
0.13114606 0.042773
0.13964249 0.042996
0.14868936 0.043306
0.15832235 0.043655
0.16857942 0.044049
0.17950100 0.044471
0.19113015 0.045039
0.20351270 0.045699
0.21669747 0.046418
0.23073643 0.047431
0.24568491 0.048525
0.26160185 0.049971
0.27854998 0.051625
0.29659611 0.053788
0.31581138 0.056434
0.33627153 0.059688
0.35805721 0.063615
0.38125430 0.068473
0.40595423 0.074214
0.43225437 0.081274
0.46025840 0.090035
0.49007669 0.100986
