0.01000000 0.061618
0.01064786 0.061169
0.01133769 0.060957
0.01207222 0.061225
0.01285433 0.060978
0.01368711 0.061366
0.01457384 0.061248
0.01551802 0.061519
0.01652337 0.062030
0.01759385 0.061986
0.01873369 0.063058
0.01994737 0.062350
0.02123968 0.063167
0.02261571 0.062274
0.02408089 0.063167
0.02564099 0.063246
0.02730217 0.063955
0.02907097 0.064160
0.03095436 0.064334
0.03295977 0.065427
0.03509510 0.065321
0.03736877 0.065888
0.03978974 0.066320
0.04236756 0.065797
0.04511238 0.066819
0.04803503 0.067422
0.05114703 0.068753
0.05446064 0.069226
0.05798892 0.070078
0.06174579 0.071644
0.06574605 0.071359
0.07000548 0.072391
0.07454085 0.073713
0.07937005 0.076199
0.08451212 0.076757
0.08998732 0.077362
0.09581724 0.079437
0.10202485 0.081168
0.10863463 0.083178
0.11567263 0.084338
0.12316659 0.086004
0.13114606 0.088238
0.13964249 0.090494
0.14868936 0.092293
0.15832235 0.094341
0.16857942 0.096524
0.17950100 0.098457
0.19113015 0.100726
0.20351270 0.101933
0.21669747 0.104716
0.23073643 0.105792
0.24568491 0.107878
0.26160185 0.109265
