1.000000000000000021e-03 0.011433
1.045996193644138693e-03 0.011433
1.094108037118026854e-03 0.011433
1.144432842260916308e-03 0.011433
1.197072396886261682e-03 0.011433
1.252133170659495542e-03 0.011433
1.309726530445399400e-03 0.011433
1.369968965560631937e-03 0.011433
1.432982323387019599e-03 0.011433
1.498894055822156974e-03 0.011433
1.567837477065801453e-03 0.011433
1.639952033263458253e-03 0.011433
1.715383584552543535e-03 0.011433
1.794284700081599402e-03 0.011433
1.876814966599268594e-03 0.011433
1.963141311237186475e-03 0.011433
2.053438339139660677e-03 0.011433
2.147888686623027673e-03 0.011433
2.246683390578995115e-03 0.011433
2.350022274869135053e-03 0.011433
2.458114354492058062e-03 0.011433
2.571178258340709420e-03 0.011433
2.689442671404950955e-03 0.011436
2.813146797313701049e-03 0.011436
2.942540842152333979e-03 0.011436
3.077886520533756453e-03 0.011436
3.219457584946915779e-03 0.011436
3.367540379453221912e-03 0.011436
3.522434418851009500e-03 0.011436
3.684452994479260179e-03 0.011436
3.853923807886055781e-03 0.011436
4.031189633643340181e-03 0.011436
4.216609012648643920e-03 0.011436
4.410556977316052243e-03 0.011436
4.613425810123189010e-03 0.011436
4.825625837048483531e-03 0.011436
5.047586257503525187e-03 0.011436
5.279756012439152171e-03 0.011436
5.522604692381109445e-03 0.011436
5.776623487231901354e-03 0.011436
6.042326179759900315e-03 0.011436
6.320250184785186631e-03 0.011436
6.610957636163971099e-03 0.011438
6.915036523770167268e-03 0.011438
7.233101882773792894e-03 0.011438
7.565797037621642754e-03 0.011438
7.913794903236339925e-03 0.011438
8.277799346065596933e-03 0.011438
8.658546607734556727e-03 0.011440
9.056806794180716561e-03 0.011440
9.473385433283404780e-03 0.011440
9.909125104138273923e-03 0.011440
1.036490714127221574e-02 0.011440
1.084165341724569083e-02 0.011440
1.134032820724795859e-02 0.011440
1.186194013945662470e-02 0.011440
1.240754423510625516e-02 0.011440
1.297824404239242106e-02 0.011440
1.357519386852719390e-02 0.011440
1.419960111446069879e-02 0.011443
1.485272871699096393e-02 0.011443
1.553589770320154377e-02 0.011443
1.625048986239353149e-02 0.011443
1.699795054091629912e-02 0.011443
1.777979156554978374e-02 0.011445
1.859759430135123764e-02 0.011445
1.945301285015132303e-02 0.011443
2.034777739616880354e-02 0.011443
2.128369770551081716e-02 0.011443
2.226266678663680817e-02 0.011443
2.328666471918989372e-02 0.011438
2.435776265893988685e-02 0.011443
2.547812702693846160e-02 0.011445
2.665002389135949154e-02 0.011443
2.787582355088738875e-02 0.011445
2.915800532892383681e-02 0.011443
3.049916258830985549e-02 0.011445
3.190200797670583038e-02 0.011452
3.336937891323925320e-02 0.011454
3.490424332751725089e-02 0.011466
3.650970566261187156e-02 0.011468
3.818901315415988706e-02 0.011473
3.994556239827718597e-02 0.011480
4.178290622157238010e-02 0.011491
4.370476086715471831e-02 0.011489
4.571501351117115280e-02 0.011503
4.781773012507540416e-02 0.011498
5.001716369953154023e-02 0.011503
5.231776284658579135e-02 0.011503
5.472418079750548253e-02 0.011505
5.724128481448441386e-02 0.011498
5.987416603525074627e-02 0.011505
6.262814977048945797e-02 0.011505
6.550880627490701658e-02 0.011505
6.852196201372402762e-02 0.011519
7.167371144738360345e-02 0.011517
7.497042935831159383e-02 0.011514
7.841878374466068613e-02 0.011519
8.202574930711795109e-02 0.011535
8.579862155605373630e-02 0.011560
8.974503156754617961e-02 0.011574
9.387296141812638550e-02 0.011588
9.819076032946330579e-02 0.011618
1.027071615556425788e-01 0.011637
1.074313000471957685e-01 0.011653
1.123727309276081748e-01 0.011688
1.175414488196751539e-01 0.011732
1.229479080607974589e-01 0.011762
1.286030438481036708e-01 0.011801
1.345182943561667177e-01 0.011847
1.407056238720522656e-01 0.011905
1.471775469944905379e-01 0.011953
1.539471539461184646e-01 0.012011
1.610281370499881959e-01 0.012071
1.684348184238943780e-01 0.012182
1.761821789485351897e-01 0.012282
1.842858885680983827e-01 0.012390
1.927623379845588292e-01 0.012508
2.016286718097935193e-01 0.012663
2.109028232425672889e-01 0.012797
2.206035503405280318e-01 0.013031
2.307504739605754918e-01 0.013186
2.413641174443429682e-01 0.013428
2.524659481290596474e-01 0.013664
2.640784207677549511e-01 0.013953
2.762250229466270413e-01 0.014351
2.889303225914367501e-01 0.014776
3.022200176590160159e-01 0.015285
3.161209881143952072e-01 0.015715
3.306613502986814335e-01 0.016334
3.458705137976519906e-01 0.016917
3.617792409260866537e-01 0.017714
3.784197089481525222e-01 0.018655
3.958255751596903571e-01 0.019857
4.140320449640381706e-01 0.021098
4.330759430790828701e-01 0.022451
4.529957880195664144e-01 0.024048
4.738318700052936983e-01 0.026068
4.956263324528216718e-01 0.028618
