0.01000000 0.021106
0.01064786 0.021378
0.01133769 0.021464
0.01207222 0.021484
0.01285433 0.021551
0.01368711 0.021936
0.01457384 0.022284
0.01551802 0.021991
0.01652337 0.022484
0.01759385 0.022513
0.01873369 0.022547
0.01994737 0.022862
0.02123968 0.022975
0.02261571 0.023051
0.02408089 0.023157
0.02564099 0.023429
0.02730217 0.023511
0.02907097 0.023633
0.03095436 0.023834
0.03295977 0.024055
0.03509510 0.023957
0.03736877 0.024265
0.03978974 0.024457
0.04236756 0.024428
0.04511238 0.024663
0.04803503 0.024660
0.05114703 0.024642
0.05446064 0.024700
0.05798892 0.024771
0.06174579 0.024867
0.06574605 0.024959
