0.01000000 0.065198
0.01064786 0.065855
0.01133769 0.066248
0.01207222 0.066525
0.01285433 0.066803
0.01368711 0.067871
0.01457384 0.067492
0.01551802 0.067976
0.01652337 0.068755
0.01759385 0.068855
0.01873369 0.069497
0.01994737 0.069480
0.02123968 0.070401
0.02261571 0.070717
0.02408089 0.070990
0.02564099 0.071656
0.02730217 0.072099
0.02907097 0.072369
0.03095436 0.073097
0.03295977 0.073112
0.03509510 0.073675
0.03736877 0.073906
0.03978974 0.074417
0.04236756 0.074380
0.04511238 0.074749
0.04803503 0.075293
0.05114703 0.075431
0.05446064 0.075758
0.05798892 0.075765
0.06174579 0.076134
0.06574605 0.076392
