0.01000000 0.011338
0.01064786 0.011338
0.01133769 0.011338
0.01207222 0.011338
0.01285433 0.011338
0.01368711 0.011338
0.01457384 0.011338
0.01551802 0.011338
0.01652337 0.011338
0.01759385 0.011338
0.01873369 0.011338
0.01994737 0.011338
0.02123968 0.011338
0.02261571 0.011338
0.02408089 0.011338
0.02564099 0.011338
0.02730217 0.011338
0.02907097 0.011338
0.03095436 0.011338
0.03295977 0.011338
0.03509510 0.011338
0.03736877 0.011338
0.03978974 0.011338
0.04236756 0.011338
0.04511238 0.011338
0.04803503 0.011338
0.05114703 0.011338
0.05446064 0.011338
0.05798892 0.011338
0.06174579 0.011338
0.06574605 0.011338
0.07000548 0.011338
0.07454085 0.011338
0.07937005 0.011338
0.08451212 0.011338
0.08998732 0.011338
0.09581724 0.011338
0.10202485 0.011338
0.10863463 0.011338
0.11567263 0.011338
0.12316659 0.011338
0.13114606 0.011278
0.13964249 0.011338
0.14868936 0.011338
0.15832235 0.011338
0.16857942 0.011218
0.17950100 0.011158
0.19113015 0.011098
0.20351270 0.011098
0.21669747 0.011158
0.23073643 0.011218
0.24568491 0.011158
0.26160185 0.011158
0.27854998 0.011218
0.29659611 0.011218
0.31581138 0.011158
0.33627153 0.011158
0.35805721 0.011218
0.38125430 0.011218
0.40595423 0.011338
0.43225437 0.011518
0.46025840 0.011578
0.49007669 0.011518
0.52182678 0.011758
0.55563384 0.011698
0.59163112 0.011878
0.62996052 0.011878
0.67077313 0.011938
0.71422983 0.012178
0.76050190 0.012238
0.80977176 0.012837
0.86223362 0.013257
0.91809427 0.013497
0.97757390 0.014577
1.04090698 0.015717
1.10834316 0.016917
1.18014826 0.019436
1.25660531 0.021116
1.33801572 0.024295
1.42470038 0.032274
1.51700098 0.047510
