0.001 0.000000
0.0010964782 0.000000
0.0012022644 0.000000
0.0013182567 0.000000
0.0014454398 0.000000
0.0015848932 0.000000
0.0017378008 0.000000
0.0019054607 0.000000
0.0020892961 0.000000
0.0022908677 0.000000
0.0025118864 0.000000
0.0027542287 0.000000
0.0030199517 0.000000
0.0033113112 0.000000
0.0036307805 0.000000
0.0039810717 0.000000
0.0043651583 0.000000
0.0047863009 0.000000
0.0052480746 0.000000
0.0057543994 0.000000
0.0063095734 0.000000
0.0069183097 0.000000
0.0075857758 0.000000
0.0083176377 0.000000
0.0091201084 0.000000
0.01 0.000000
0.010964782 0.000000
0.012022644 0.000000
0.013182567 0.000000
0.014454398 0.000000
0.015848932 0.000000
0.017378008 0.000000
0.019054607 0.000000
0.020892961 0.000000
0.022908677 0.000000
0.025118864 0.000000
0.027542287 0.000000
0.030199517 0.000000
0.033113112 0.000000
0.036307805 0.000000
0.039810717 0.000000
0.043651583 0.000000
0.047863009 0.000000
0.052480746 0.000000
0.057543994 0.000000
0.063095734 0.000000
0.069183097 0.000000
0.075857758 0.000000
0.083176377 0.000000
0.091201084 0.000000
0.1 0.000000
0.10964782 0.000000
0.12022644 0.000000
0.13182567 0.000000
0.14454398 0.000000
0.15848932 0.000000
0.17378008 0.000000
0.19054607 0.000000
0.20892961 0.000000
0.22908677 0.000000
0.25118864 0.000000
0.27542287 0.000000
0.30199517 0.000000
0.33113112 0.000000
0.36307805 0.000000
0.39810717 0.000000
0.43651583 0.000000
0.47863009 0.000000
0.52480746 0.000000
0.57543994 0.000000
0.63095734 0.000122
0.69183097 0.000000
0.75857758 0.000245
0.83176377 0.000122
0.91201084 0.000122
1 0.000122
1.0964782 0.000000
1.2022644 0.000000
1.3182567 0.000122
1.4454398 0.000122
