[6.43975538e+13 5.77967677e+13 6.28699999e+13 5.63344320e+13
 5.57049052e+13 5.13119520e+13 5.15880662e+13 5.19495300e+13
 4.88450184e+13 4.69251903e+13 4.57481219e+13 4.34597656e+13
 4.24564616e+13 3.95162620e+13 3.62802547e+13 3.61408850e+13
 3.49745254e+13 3.37707692e+13 3.12484341e+13 3.02823122e+13
 2.89868708e+13 2.78136421e+13 2.70658767e+13 2.51185721e+13
 2.41103628e+13 2.29736829e+13 2.16422585e+13 2.15530261e+13
 2.00774355e+13 1.91223104e+13 1.82389685e+13 1.70723360e+13
 1.63432538e+13 1.57947758e+13 1.51431390e+13 1.44175232e+13
 1.37816691e+13 1.29723353e+13 1.25831389e+13 1.19220223e+13
 1.14819305e+13 1.09719634e+13 1.03874208e+13 1.00951660e+13
 9.73132093e+12 9.36070020e+12 9.04177894e+12 8.89572877e+12
 8.76308592e+12 8.34101615e+12 8.27180105e+12 7.94755111e+12
 7.84227912e+12 7.67789802e+12 7.50830500e+12 7.36833671e+12
 7.24972823e+12 7.24553895e+12 7.10151179e+12 6.91595311e+12
 6.88060905e+12 6.89559130e+12 6.72324552e+12 6.71795794e+12
 6.74805265e+12 6.50182874e+12 6.48444516e+12 6.44187786e+12
 6.36734776e+12 6.24732709e+12 6.19837512e+12 6.11969784e+12
 6.07402918e+12 5.98932362e+12 6.01190523e+12 5.95575250e+12
 5.92577202e+12 5.86063536e+12 5.87981852e+12 5.84698912e+12
 5.76151519e+12 5.79487275e+12 4.35531622e+12 4.34563078e+12
 4.39065335e+12 4.39369106e+12 4.44554700e+12 4.41809506e+12
 4.47999109e+12 4.50669607e+12 4.58518984e+12 4.69306277e+12
 4.86628080e+12 5.06717623e+12 5.25832003e+12 5.56154611e+12
 6.15587399e+12 7.00557117e+12 8.94943427e+12 2.02014427e+13
 3.03874826e+12 3.06575502e+12 3.07036294e+12 3.05771287e+12
 3.03031710e+12 2.94532736e+12 2.84058547e+12 2.65753226e+12
 2.34800848e+12 3.90210007e+11 3.91282571e+11 3.92530715e+11
 3.92259136e+11 3.89747016e+11 3.83929137e+11 3.72580949e+11
 3.52714709e+11 3.12118087e+11 2.18309989e+11 2.19455732e+11
 2.20186210e+11 2.21113600e+11 2.22116325e+11 2.22918819e+11
 2.24236657e+11 2.26230660e+11 2.28106352e+11 2.30074457e+11
 2.31567213e+11 2.35076453e+11 2.37456550e+11 2.40958913e+11
 2.45103415e+11 2.50119040e+11 2.56428140e+11 2.62439546e+11
 2.69308846e+11 2.75335254e+11 2.80760500e+11 2.86330871e+11
 2.90777606e+11 2.91255484e+11 2.89824400e+11 2.85934427e+11
 2.80732079e+11 2.70115506e+11 2.55496099e+11 2.37345997e+11
 2.17217104e+11 1.91389216e+11 1.47988047e+11 7.62788583e+06
 6.25743067e+06 5.04428800e+06 4.07836600e+06 3.29702400e+06
 2.62867290e+06 2.11859270e+06 1.67419465e+06 1.32143240e+06
 1.02994080e+06 8.04322267e+05 6.20051667e+05 4.77133067e+05
 3.73734800e+05 2.84504480e+05 2.13081570e+05 1.57458750e+05
 1.16587200e+05 8.60921050e+04 6.27774600e+04 4.53133333e+04
 3.15560070e+04 2.26817690e+04 1.54397500e+04 1.05014500e+04
 7.09932500e+03 4.67306533e+03 3.02594063e+03 1.94302520e+03
 1.23369280e+03 7.74437533e+02 4.80209600e+02 2.98309013e+02
 1.78044460e+02 1.06134930e+02 6.17380417e+01 3.47627673e+01
 1.85844467e+01 9.33281067e+00 4.26054547e+00 1.77452333e+00
 6.16411285e-01 1.77986220e-01 3.74608375e-02 4.98726000e-03
 2.96596845e-04 2.97338910e-06 0.00000000e+00 0.00000000e+00]