1.000000000000000021e-02 0.011440
1.033962953709855956e-02 0.011440
1.069079389644409135e-02 0.011440
1.105388483467063115e-02 0.011440
1.142930741362462206e-02 0.011440
1.181748045224926755e-02 0.011440
1.221883699381613037e-02 0.011440
1.263382478902538332e-02 0.011440
1.306290679551347540e-02 0.011440
1.350656169432566146e-02 0.011440
1.396528442392935658e-02 0.011443
1.443958673236423428e-02 0.011443
1.492999774814496999e-02 0.011443
1.543706457055346246e-02 0.011443
1.596135287997922647e-02 0.011443
1.650344756898862800e-02 0.011443
1.706395339482722276e-02 0.011443
1.764349565408286982e-02 0.011445
1.824272088026253000e-02 0.011445
1.886229756506070665e-02 0.011445
1.950291690412438161e-02 0.011443
2.016529356814632246e-02 0.011443
2.085016650014692025e-02 0.011443
2.155829973983420036e-02 0.011443
2.229048327596137510e-02 0.011443
2.304753392763317019e-02 0.011440
2.383029625554369466e-02 0.011443
2.463964350416287738e-02 0.011445
2.547647857592211587e-02 0.011445
2.634173503848627820e-02 0.011445
2.723637816623567659e-02 0.011445
2.816140601711965633e-02 0.011445
2.911785054608354711e-02 0.011443
3.010677875631067105e-02 0.011445
3.112929388956412260e-02 0.011445
3.218653665695587335e-02 0.011450
3.327968651151664431e-02 0.011454
3.440996296398580317e-02 0.011466
3.557862694328949027e-02 0.011466
3.678698220322464130e-02 0.011468
3.803637677691805441e-02 0.011473
3.932820448068315849e-02 0.011473
4.066390646895234884e-02 0.011484
4.204497284201926671e-02 0.011491
4.347294430838489349e-02 0.011489
4.494941390356171212e-02 0.011493
4.647602876725353410e-02 0.011500
4.805449198089366963e-02 0.011498
4.968656446759137785e-02 0.011507
5.137406695660595712e-02 0.011500
5.311888201454020159e-02 0.011503
5.492295614551932770e-02 0.011505
5.678830196269801789e-02 0.011498
5.871700043351842091e-02 0.011500
6.071120320122359859e-02 0.011512
6.277313498521640278e-02 0.011505
6.490509606294181388e-02 0.011503
6.710946483606122781e-02 0.011507
6.938870048378156796e-02 0.011519
7.174534570629929886e-02 0.011514
7.418202956141996263e-02 0.011512
7.670147039751758211e-02 0.011526
7.930647888610631302e-02 0.011526
8.199996115740680602e-02 0.011535
8.478492204240579977e-02 0.011558
8.766446842502571835e-02 0.011551
9.064181270814394842e-02 0.011579
9.372027639732807835e-02 0.011593
9.690329380628542877e-02 0.011602
1.001944158881608177e-01 0.011625
1.035973141969564748e-01 0.011637
1.071157849834930426e-01 0.011644
1.107537534304822990e-01 0.011674
1.145152780314345059e-01 0.011685
1.184045551182873884e-01 0.011725
1.224259235428058618e-01 0.011764
1.265838695169764772e-01 0.011796
1.308830316177959918e-01 0.011803
1.353282059620367350e-01 0.011866
1.399243515567632212e-01 0.011889
1.446765958315671119e-01 0.011937
1.495902403586941432e-01 0.011958
1.546707667674426245e-01 0.012014
1.599238428594332018e-01 0.012057
1.653553289315704000e-01 0.012152
1.709712843137512206e-01 0.012201
1.767779741286137629e-01 0.012282
1.827818762808658959e-01 0.012363
1.889896886839935453e-01 0.012478
1.954083367324080112e-01 0.012564
2.020449810273707014e-01 0.012665
2.089070253653119158e-01 0.012763
2.160021249974576896e-01 0.012936
2.233381951699768553e-01 0.013063
2.309234199541774224e-01 0.013190
2.387662613766027564e-01 0.013354
2.468754688592115498e-01 0.013549
2.552600889801759365e-01 0.013761
2.639294755661831804e-01 0.013941
2.728933001275040127e-01 0.014237
2.821615626474641148e-01 0.014573
2.917446027383605589e-01 0.014926
3.016531111762638107e-01 0.015250
3.118981418275770801e-01 0.015617
3.224911239806571572e-01 0.016031
3.334438750962514519e-01 0.016403
3.447686139909804104e-01 0.016845
3.564779744685670493e-01 0.017504
3.685850194140262159e-01 0.018054
3.811032553665309464e-01 0.018935
3.940466475872198004e-01 0.019716
4.074296356387484552e-01 0.020666
4.212671494939705386e-01 0.021554
4.355746261917171624e-01 0.022645
4.503680270582540168e-01 0.023840
4.656638555136326518e-01 0.025359
4.814791754827949521e-01 0.026801
4.978316304319767016e-01 0.028875
