0.01000000 0.058377
0.01064786 0.058377
0.01133769 0.058379
0.01207222 0.058383
0.01285433 0.058387
0.01368711 0.058394
0.01457384 0.058398
0.01551802 0.058402
0.01652337 0.058408
0.01759385 0.058417
0.01873369 0.058420
0.01994737 0.058425
0.02123968 0.058440
0.02261571 0.058451
0.02408089 0.058464
0.02564099 0.058474
0.02730217 0.058497
0.02907097 0.058516
0.03095436 0.058533
0.03295977 0.058557
0.03509510 0.058589
0.03736877 0.058631
0.03978974 0.058669
0.04236756 0.058712
0.04511238 0.058762
0.04803503 0.058812
0.05114703 0.058864
0.05446064 0.058939
0.05798892 0.059021
0.06174579 0.059108
0.06574605 0.059207
0.07000548 0.059332
0.07454085 0.059460
0.07937005 0.059640
0.08451212 0.059838
0.08998732 0.060050
0.09581724 0.060316
0.10202485 0.060615
0.10863463 0.060986
0.11567263 0.061417
0.12316659 0.061914
0.13114606 0.062503
0.13964249 0.063177
0.14868936 0.063986
0.15832235 0.064958
0.16857942 0.066138
0.17950100 0.067547
0.19113015 0.069116
0.20351270 0.071064
0.21669747 0.073376
0.23073643 0.076105
0.24568491 0.079241
0.26160185 0.083006
0.27854998 0.087279
0.29659611 0.092362
0.31581138 0.098297
0.33627153 0.105159
0.35805721 0.113046
