0.01000000 0.017847
0.01064786 0.017848
0.01133769 0.017850
0.01207222 0.017851
0.01285433 0.017852
0.01368711 0.017854
0.01457384 0.017855
0.01551802 0.017856
0.01652337 0.017858
0.01759385 0.017860
0.01873369 0.017862
0.01994737 0.017865
0.02123968 0.017868
0.02261571 0.017873
0.02408089 0.017879
0.02564099 0.017884
0.02730217 0.017886
0.02907097 0.017895
0.03095436 0.017901
0.03295977 0.017913
0.03509510 0.017928
0.03736877 0.017937
0.03978974 0.017949
0.04236756 0.017965
0.04511238 0.017982
0.04803503 0.017999
0.05114703 0.018020
0.05446064 0.018046
0.05798892 0.018069
0.06174579 0.018102
0.06574605 0.018134
0.07000548 0.018171
0.07454085 0.018213
0.07937005 0.018258
0.08451212 0.018307
0.08998732 0.018373
0.09581724 0.018453
0.10202485 0.018541
0.10863463 0.018645
0.11567263 0.018764
0.12316659 0.018892
0.13114606 0.019087
0.13964249 0.019285
0.14868936 0.019535
