0.01000000 0.019846
0.01064786 0.019817
0.01133769 0.019852
0.01207222 0.019705
0.01285433 0.019655
0.01368711 0.019984
0.01457384 0.020122
0.01551802 0.020102
0.01652337 0.020052
0.01759385 0.020307
0.01873369 0.020519
0.01994737 0.020216
0.02123968 0.020246
0.02261571 0.020187
0.02408089 0.020275
0.02564099 0.020569
0.02730217 0.020775
0.02907097 0.020921
0.03095436 0.020980
0.03295977 0.021486
0.03509510 0.021262
0.03736877 0.021395
0.03978974 0.021286
0.04236756 0.021374
0.04511238 0.021465
0.04803503 0.021618
0.05114703 0.022620
0.05446064 0.022476
0.05798892 0.022649
0.06174579 0.023402
0.06574605 0.023287
0.07000548 0.023895
0.07454085 0.024268
0.07937005 0.025050
0.08451212 0.025159
0.08998732 0.025923
0.09581724 0.026049
0.10202485 0.027145
0.10863463 0.027733
0.11567263 0.028100
0.12316659 0.028673
0.13114606 0.029505
0.13964249 0.030789
0.14868936 0.031168
0.15832235 0.032158
0.16857942 0.033054
0.17950100 0.033900
0.19113015 0.034938
0.20351270 0.035179
0.21669747 0.036539
0.23073643 0.037347
0.24568491 0.038596
0.26160185 0.039146
