1.000000000000000021e-02 0.000599
1.033962953709855956e-02 0.000599
1.069079389644409135e-02 0.000599
1.105388483467063115e-02 0.000599
1.142930741362462206e-02 0.000599
1.181748045224926755e-02 0.000599
1.221883699381613037e-02 0.000599
1.263382478902538332e-02 0.000601
1.306290679551347540e-02 0.000601
1.350656169432566146e-02 0.000601
1.396528442392935658e-02 0.000601
1.443958673236423428e-02 0.000601
1.492999774814496999e-02 0.000601
1.543706457055346246e-02 0.000601
1.596135287997922647e-02 0.000601
1.650344756898862800e-02 0.000601
1.706395339482722276e-02 0.000601
1.764349565408286982e-02 0.000601
1.824272088026253000e-02 0.000599
1.886229756506070665e-02 0.000596
1.950291690412438161e-02 0.000596
2.016529356814632246e-02 0.000596
2.085016650014692025e-02 0.000594
2.155829973983420036e-02 0.000594
2.229048327596137510e-02 0.000594
2.304753392763317019e-02 0.000599
2.383029625554369466e-02 0.000599
2.463964350416287738e-02 0.000601
2.547647857592211587e-02 0.000601
2.634173503848627820e-02 0.000601
2.723637816623567659e-02 0.000603
2.816140601711965633e-02 0.000603
2.911785054608354711e-02 0.000603
3.010677875631067105e-02 0.000603
3.112929388956412260e-02 0.000603
3.218653665695587335e-02 0.000603
3.327968651151664431e-02 0.000601
3.440996296398580317e-02 0.000601
3.557862694328949027e-02 0.000601
3.678698220322464130e-02 0.000601
3.803637677691805441e-02 0.000601
3.932820448068315849e-02 0.000603
4.066390646895234884e-02 0.000603
4.204497284201926671e-02 0.000606
4.347294430838489349e-02 0.000606
4.494941390356171212e-02 0.000606
4.647602876725353410e-02 0.000608
4.805449198089366963e-02 0.000606
4.968656446759137785e-02 0.000610
5.137406695660595712e-02 0.000613
5.311888201454020159e-02 0.000610
5.492295614551932770e-02 0.000608
5.678830196269801789e-02 0.000606
5.871700043351842091e-02 0.000603
6.071120320122359859e-02 0.000601
6.277313498521640278e-02 0.000606
6.490509606294181388e-02 0.000613
6.710946483606122781e-02 0.000615
6.938870048378156796e-02 0.000610
7.174534570629929886e-02 0.000608
7.418202956141996263e-02 0.000608
7.670147039751758211e-02 0.000606
7.930647888610631302e-02 0.000608
8.199996115740680602e-02 0.000613
8.478492204240579977e-02 0.000610
8.766446842502571835e-02 0.000613
9.064181270814394842e-02 0.000610
9.372027639732807835e-02 0.000608
9.690329380628542877e-02 0.000608
1.001944158881608177e-01 0.000615
1.035973141969564748e-01 0.000610
1.071157849834930426e-01 0.000606
1.107537534304822990e-01 0.000603
1.145152780314345059e-01 0.000606
1.184045551182873884e-01 0.000601
1.224259235428058618e-01 0.000608
1.265838695169764772e-01 0.000613
1.308830316177959918e-01 0.000599
1.353282059620367350e-01 0.000599
1.399243515567632212e-01 0.000603
1.446765958315671119e-01 0.000606
1.495902403586941432e-01 0.000610
1.546707667674426245e-01 0.000606
1.599238428594332018e-01 0.000615
1.653553289315704000e-01 0.000622
1.709712843137512206e-01 0.000626
1.767779741286137629e-01 0.000640
1.827818762808658959e-01 0.000643
1.889896886839935453e-01 0.000647
1.954083367324080112e-01 0.000647
2.020449810273707014e-01 0.000643
2.089070253653119158e-01 0.000629
2.160021249974576896e-01 0.000650
2.233381951699768553e-01 0.000666
2.309234199541774224e-01 0.000675
2.387662613766027564e-01 0.000684
2.468754688592115498e-01 0.000693
2.552600889801759365e-01 0.000703
2.639294755661831804e-01 0.000710
2.728933001275040127e-01 0.000712
2.821615626474641148e-01 0.000740
2.917446027383605589e-01 0.000744
3.016531111762638107e-01 0.000830
3.118981418275770801e-01 0.000835
3.224911239806571572e-01 0.000777
3.334438750962514519e-01 0.000802
3.447686139909804104e-01 0.000816
3.564779744685670493e-01 0.000825
3.685850194140262159e-01 0.000890
3.811032553665309464e-01 0.000973
3.940466475872198004e-01 0.000994
4.074296356387484552e-01 0.001080
4.212671494939705386e-01 0.001121
4.355746261917171624e-01 0.001160
4.503680270582540168e-01 0.001246
4.656638555136326518e-01 0.001264
4.814791754827949521e-01 0.001343
4.978316304319767016e-01 0.001577
