0.01000000 0.039232
0.01064786 0.039232
0.01133769 0.039232
0.01207222 0.039232
0.01285433 0.039232
0.01368711 0.039232
0.01457384 0.039232
0.01551802 0.039232
0.01652337 0.039232
0.01759385 0.039292
0.01873369 0.039292
0.01994737 0.039292
0.02123968 0.039292
0.02261571 0.039292
0.02408089 0.039292
0.02564099 0.039292
0.02730217 0.039292
0.02907097 0.039292
0.03095436 0.039292
0.03295977 0.039292
0.03509510 0.039292
0.03736877 0.039292
0.03978974 0.039292
0.04236756 0.039292
0.04511238 0.039292
0.04803503 0.039292
0.05114703 0.039292
0.05446064 0.039292
0.05798892 0.039292
0.06174579 0.039292
0.06574605 0.039292
0.07000548 0.039292
0.07454085 0.039292
0.07937005 0.039292
0.08451212 0.039232
0.08998732 0.039232
0.09581724 0.039232
0.10202485 0.039232
0.10863463 0.039232
0.11567263 0.039232
0.12316659 0.039232
0.13114606 0.039232
0.13964249 0.039232
0.14868936 0.039232
0.15832235 0.039172
0.16857942 0.039232
0.17950100 0.039232
0.19113015 0.039232
0.20351270 0.039232
0.21669747 0.039352
0.23073643 0.039352
0.24568491 0.039412
0.26160185 0.039472
0.27854998 0.039652
0.29659611 0.039712
0.31581138 0.039772
0.33627153 0.039772
0.35805721 0.039952
0.38125430 0.040252
0.40595423 0.040792
0.43225437 0.040912
0.46025840 0.041032
0.49007669 0.041152
0.52182678 0.041632
0.55563384 0.042232
0.59163112 0.042711
0.62996052 0.043311
0.67077313 0.043911
0.71422983 0.045171
0.76050190 0.046251
0.80977176 0.047690
0.86223362 0.049550
0.91809427 0.051590
0.97757390 0.054949
1.04090698 0.059028
1.10834316 0.063587
1.18014826 0.071926
1.25660531 0.081164
1.33801572 0.095321
1.42470038 0.121716
1.51700098 0.160528
