0.01000000 0.057964
0.01064786 0.057969
0.01133769 0.057972
0.01207222 0.057976
0.01285433 0.057980
0.01368711 0.057988
0.01457384 0.057993
0.01551802 0.058000
0.01652337 0.058007
0.01759385 0.058013
0.01873369 0.058019
0.01994737 0.058024
0.02123968 0.058033
0.02261571 0.058047
0.02408089 0.058062
0.02564099 0.058079
0.02730217 0.058096
0.02907097 0.058115
0.03095436 0.058137
0.03295977 0.058164
0.03509510 0.058193
0.03736877 0.058221
0.03978974 0.058257
0.04236756 0.058292
0.04511238 0.058345
0.04803503 0.058394
0.05114703 0.058451
0.05446064 0.058520
0.05798892 0.058605
0.06174579 0.058698
0.06574605 0.058831
0.07000548 0.058957
0.07454085 0.059099
0.07937005 0.059274
0.08451212 0.059453
0.08998732 0.059701
0.09581724 0.059956
0.10202485 0.060283
0.10863463 0.060649
0.11567263 0.061060
0.12316659 0.061546
0.13114606 0.062159
0.13964249 0.062822
0.14868936 0.063604
