1.000000000000000021e-02 0.016170
1.033962953709855956e-02 0.016178
1.069079389644409135e-02 0.016170
1.105388483467063115e-02 0.016170
1.142930741362462206e-02 0.016170
1.181748045224926755e-02 0.016170
1.221883699381613037e-02 0.016178
1.263382478902538332e-02 0.016178
1.306290679551347540e-02 0.016178
1.350656169432566146e-02 0.016178
1.396528442392935658e-02 0.016178
1.443958673236423428e-02 0.016178
1.492999774814496999e-02 0.016178
1.543706457055346246e-02 0.016178
1.596135287997922647e-02 0.016178
1.650344756898862800e-02 0.016186
1.706395339482722276e-02 0.016194
1.764349565408286982e-02 0.016194
1.824272088026253000e-02 0.016194
1.886229756506070665e-02 0.016194
1.950291690412438161e-02 0.016194
2.016529356814632246e-02 0.016194
2.085016650014692025e-02 0.016194
2.155829973983420036e-02 0.016194
2.229048327596137510e-02 0.016194
2.304753392763317019e-02 0.016194
2.383029625554369466e-02 0.016194
2.463964350416287738e-02 0.016186
2.547647857592211587e-02 0.016186
2.634173503848627820e-02 0.016186
2.723637816623567659e-02 0.016210
2.816140601711965633e-02 0.016218
2.911785054608354711e-02 0.016210
3.010677875631067105e-02 0.016235
3.112929388956412260e-02 0.016243
3.218653665695587335e-02 0.016251
3.327968651151664431e-02 0.016259
3.440996296398580317e-02 0.016283
3.557862694328949027e-02 0.016292
3.678698220322464130e-02 0.016300
3.803637677691805441e-02 0.016316
3.932820448068315849e-02 0.016332
4.066390646895234884e-02 0.016349
4.204497284201926671e-02 0.016349
4.347294430838489349e-02 0.016373
4.494941390356171212e-02 0.016381
4.647602876725353410e-02 0.016381
4.805449198089366963e-02 0.016397
4.968656446759137785e-02 0.016414
5.137406695660595712e-02 0.016422
5.311888201454020159e-02 0.016405
5.492295614551932770e-02 0.016405
5.678830196269801789e-02 0.016414
5.871700043351842091e-02 0.016462
6.071120320122359859e-02 0.016479
6.277313498521640278e-02 0.016511
6.490509606294181388e-02 0.016503
6.710946483606122781e-02 0.016519
6.938870048378156796e-02 0.016552
7.174534570629929886e-02 0.016552
7.418202956141996263e-02 0.016584
7.670147039751758211e-02 0.016601
7.930647888610631302e-02 0.016601
8.199996115740680602e-02 0.016633
8.478492204240579977e-02 0.016706
8.766446842502571835e-02 0.016690
9.064181270814394842e-02 0.016747
9.372027639732807835e-02 0.016714
9.690329380628542877e-02 0.016731
1.001944158881608177e-01 0.016771
1.035973141969564748e-01 0.016844
1.071157849834930426e-01 0.016877
1.107537534304822990e-01 0.016950
1.145152780314345059e-01 0.016966
1.184045551182873884e-01 0.017023
1.224259235428058618e-01 0.017007
1.265838695169764772e-01 0.017088
1.308830316177959918e-01 0.017227
1.353282059620367350e-01 0.017324
1.399243515567632212e-01 0.017454
1.446765958315671119e-01 0.017568
1.495902403586941432e-01 0.017609
1.546707667674426245e-01 0.017674
1.599238428594332018e-01 0.017901
1.653553289315704000e-01 0.018015
1.709712843137512206e-01 0.018129
1.767779741286137629e-01 0.018389
1.827818762808658959e-01 0.018576
1.889896886839935453e-01 0.018600
1.954083367324080112e-01 0.018844
2.020449810273707014e-01 0.019161
2.089070253653119158e-01 0.019470
2.160021249974576896e-01 0.019885
2.233381951699768553e-01 0.020421
2.309234199541774224e-01 0.020958
2.387662613766027564e-01 0.021259
2.468754688592115498e-01 0.021633
2.552600889801759365e-01 0.022283
2.639294755661831804e-01 0.023096
2.728933001275040127e-01 0.023974
2.821615626474641148e-01 0.024925
2.917446027383605589e-01 0.025763
3.016531111762638107e-01 0.026982
3.118981418275770801e-01 0.028250
3.224911239806571572e-01 0.029543
3.334438750962514519e-01 0.030624
3.447686139909804104e-01 0.032372
3.564779744685670493e-01 0.034136
3.685850194140262159e-01 0.036160
