0.01000000 0.018259
0.01064786 0.018260
0.01133769 0.018260
0.01207222 0.018261
0.01285433 0.018261
0.01368711 0.018263
0.01457384 0.018263
0.01551802 0.018267
0.01652337 0.018268
0.01759385 0.018269
0.01873369 0.018272
0.01994737 0.018276
0.02123968 0.018277
0.02261571 0.018285
0.02408089 0.018290
0.02564099 0.018293
0.02730217 0.018295
0.02907097 0.018299
0.03095436 0.018302
0.03295977 0.018309
0.03509510 0.018318
0.03736877 0.018328
0.03978974 0.018339
0.04236756 0.018354
0.04511238 0.018370
0.04803503 0.018391
0.05114703 0.018411
0.05446064 0.018434
0.05798892 0.018463
0.06174579 0.018495
0.06574605 0.018536
0.07000548 0.018572
0.07454085 0.018623
0.07937005 0.018670
0.08451212 0.018739
0.08998732 0.018803
0.09581724 0.018871
0.10202485 0.018970
0.10863463 0.019086
0.11567263 0.019232
0.12316659 0.019402
0.13114606 0.019578
0.13964249 0.019758
0.14868936 0.019997
0.15832235 0.020285
0.16857942 0.020644
0.17950100 0.021075
0.19113015 0.021622
0.20351270 0.022230
0.21669747 0.023029
0.23073643 0.023991
0.24568491 0.025168
0.26160185 0.026530
0.27854998 0.028268
0.29659611 0.030341
0.31581138 0.032911
0.33627153 0.035968
0.35805721 0.039728
