1.000000000000000021e-02 0.00000051 27
1.268961003167922048e-02 0.00000066 35
1.610262027560939099e-02 0.00000057 30
2.043359717856941746e-02 0.00000051 27
2.592943797404666934e-02 0.00000045 24
3.290344562312667864e-02 0.00000055 29
4.175318936560400152e-02 0.00000047 25
5.298316906283707245e-02 0.00000044 23
6.723357536499334486e-02 0.00000042 22
8.531678524172806033e-02 0.00000030 16
1.082636733874054596e-01 0.00000028 15
1.373823795883263033e-01 0.00000036 19
1.743328822199988193e-01 0.00000074 39
2.212216291070449037e-01 0.00000098 52
