1.000000000000000021e-02 6.56356510e-06 307
1.033962953709855956e-02 7.14081676e-06 334
1.069079389644409135e-02 6.39252758e-06 299
1.105388483467063115e-02 6.13597129e-06 287
1.142930741362462206e-02 6.60632448e-06 309
1.181748045224926755e-02 6.39252758e-06 299
1.221883699381613037e-02 5.96493376e-06 279
1.263382478902538332e-02 6.15735098e-06 288
1.306290679551347540e-02 5.98631345e-06 280
1.350656169432566146e-02 6.54218541e-06 306
1.396528442392935658e-02 5.98631345e-06 280
1.443958673236423428e-02 5.90079469e-06 276
1.492999774814496999e-02 5.87941499e-06 275
1.543706457055346246e-02 5.79389623e-06 271
1.596135287997922647e-02 6.43528696e-06 301
1.650344756898862800e-02 6.45666665e-06 302
1.706395339482722276e-02 5.77251654e-06 270
1.764349565408286982e-02 6.43528696e-06 301
1.824272088026253000e-02 5.15250550e-06 241
1.886229756506070665e-02 5.79389623e-06 271
1.950291690412438161e-02 5.49458056e-06 257
2.016529356814632246e-02 5.68699778e-06 266
2.085016650014692025e-02 6.13597129e-06 287
2.155829973983420036e-02 6.22149005e-06 291
2.229048327596137510e-02 5.43044149e-06 254
2.304753392763317019e-02 6.20011036e-06 290
2.383029625554369466e-02 6.60632448e-06 309
2.463964350416287738e-02 6.28562912e-06 294
2.547647857592211587e-02 6.43528696e-06 301
2.634173503848627820e-02 6.20011036e-06 290
2.723637816623567659e-02 5.70837747e-06 267
2.816140601711965633e-02 6.22149005e-06 291
2.911785054608354711e-02 5.53733994e-06 259
3.010677875631067105e-02 6.20011036e-06 290
3.112929388956412260e-02 6.00769314e-06 281
3.218653665695587335e-02 6.09321190e-06 285
3.327968651151664431e-02 6.22149005e-06 291
3.440996296398580317e-02 6.54218541e-06 306
3.557862694328949027e-02 6.73460263e-06 315
3.678698220322464130e-02 7.18357614e-06 336
3.803637677691805441e-02 6.82012139e-06 319
3.932820448068315849e-02 8.06014346e-06 377
4.066390646895234884e-02 7.88910594e-06 369
4.204497284201926671e-02 7.50427150e-06 351
4.347294430838489349e-02 7.88910594e-06 369
4.494941390356171212e-02 9.10774832e-06 426
4.647602876725353410e-02 9.12912801e-06 427
4.805449198089366963e-02 1.01767329e-05 476
4.968656446759137785e-02 1.01125938e-05 473
5.137406695660595712e-02 1.21009050e-05 566
5.311888201454020159e-02 1.35974834e-05 636
5.492295614551932770e-02 1.58637306e-05 742
5.678830196269801789e-02 1.89851655e-05 888
5.871700043351842091e-02 2.08024392e-05 973
6.071120320122359859e-02 2.70880684e-05 1267
6.277313498521640278e-02 3.47633774e-05 1626
6.490509606294181388e-02 5.59720307e-05 2618
6.710946483606122781e-02 1.47819183e-04 6914
