 -0.00216667906470771  0.00934014386858113  0.01957469698211812  0.03006092142149868
  0.04067343942025133  0.05090595785936058  0.06125694439452342  0.07211761676120519
  0.08318253748909862  0.09399081333737282  0.10433438825197770  0.11468983340027672
  0.12524305504788227  0.13581511811517219  0.14622061823494042  0.15661384260210376
  0.16680307269065994  0.17696551099060912  0.18715577648246781  0.19735184884930596
  0.20755915306940878  0.21758032131133595  0.22775248830912539  0.23814959635490901
  0.24897702622882709  0.25976635442643681  0.27024007829473345  0.28030421837337099
  0.29041551512575631  0.30084323130584162  0.31142139248806194  0.32166211893326013
  0.33204595161986528  0.34315676722191274  0.35437510449644111  0.36513739049849658
  0.37564590876463833  0.38642573401905933  0.39728505174725259  0.40808628451650164
  0.41880495214147018  0.42969995843424125  0.44030155753820838  0.45099124774880650
  0.46139951202119639  0.47167253862474573  0.48159524146096866  0.49178628489888576
  0.50232295681217876  0.51328470561756456  0.52422459645812436  0.53541477690803396
  0.54643032691075955  0.55724929736126738  0.56758958823451744  0.57781615760752658
  0.58802689152322640  0.59860536991506796  0.60888889088653031  0.61931760167242711
  0.63011813088691926  0.64130571928043656  0.65256662740918747  0.66377397231592228
  0.67525264716890832  0.68660026634647586  0.69701212504327670  0.70718518293431387
  0.71729322651331273  0.72767269914190613  0.73815596029798236  0.74827491227334852
  0.75860840902116888  0.76967794197952133  0.78071495502782950  0.79127282047899461
  0.80160069016997193  0.81199064736892834  0.82269970929859737  0.83269390851250613
  0.84306487357359572  0.85348664793288720  0.86463274253556621  0.87612189127070994
  0.88767147279984826  0.89853709069921983  0.90877200389293478  0.91914997803027765
  0.92989327143433131  0.94051146741890801  0.95052845625137206  0.96055086752271635
  0.97083682199238663  0.98082418185994635  0.99050174845543049  1.00000000000000000
 -0.00286508778887316  0.01085489929079252  0.02209613770601905  0.03296883899487765
  0.04376984040563103  0.05439509543750791  0.06508918902293175  0.07562413634754898
  0.08602804502932680  0.09639379911550927  0.10675569550683039  0.11716814090116466
  0.12736456652169320  0.13766054501049441  0.14809396515033180  0.15890858545027839
  0.16967477524216884  0.18018247016543509  0.19067252793797809  0.20120385681008529
  0.21152881730608025  0.22155508389106326  0.23167162199809022  0.24193377418905657
  0.25253004403761531  0.26300487607741646  0.27325534089666093  0.28321803593807721
  0.29301804964100708  0.30291376273662707  0.31297246643853804  0.32343424279717414
  0.33410237927844016  0.34490391414073507  0.35552733300213396  0.36600728318948073
  0.37649717998054222  0.38667818483880007  0.39701866469782554  0.40749990191833496
  0.41825411941974483  0.42900010507767156  0.43956877036809283  0.45004634518205822
  0.46043825414453277  0.47069073343952733  0.48111530778340683  0.49160923824963537
  0.50196888533710093  0.51232838028085192  0.52288523139013265  0.53346820526023997
  0.54412389747684908  0.55462551950437800  0.56507275917815925  0.57551041299175609
  0.58617690773170861  0.59713024370604428  0.60790085133937810  0.61835179430026943
  0.62878820188489670  0.63948394133275910  0.65037174045988877  0.66113622311151454
  0.67163374643673124  0.68197262638867062  0.69238125027995800  0.70293792089067175
  0.71369705054377541  0.72466928932109365  0.73560205078942287  0.74628060502882332
  0.75686074035408402  0.76729813254562007  0.77764935996378004  0.78780230235985582
  0.79820443589215806  0.80872363148568593  0.81910556836033044  0.82945370550240993
  0.83978688683559854  0.84995117949496668  0.86029772095420265  0.87062876807767497
  0.88113239925829334  0.89150019015306059  0.90216503053558927  0.91311732463298956
  0.92397464466302504  0.93472022906746854  0.94538084698692593  0.95598309619446309
  0.96659198254438761  0.97748132823070144  0.98859911468028294  1.00000000000000000
  0.97774686427244162  0.97795565948925545  0.97815471294822975  0.97833132788875132
  0.97849605035131737  0.97865077088297303  0.97879738611691847  0.97893714556013278
  0.97906247469383145  0.97923884502381209  0.97946611758065105  0.97971992035343458
  0.97995622249771974  0.98018275787127629  0.98040322436604177  0.98062124092501790
  0.98083480301804149  0.98104289914254461  0.98124597927028800  0.98144386294760577
  0.98163860990762686  0.98182700505501996  0.98201563911666412  0.98219986622763455
  0.98238216690154601  0.98256041907157621  0.98273626743090692  0.98291086222516366
  0.98308251525171919  0.98325501304255802  0.98342443755962772  0.98359246862282479
  0.98375864628554277  0.98392326595231261  0.98408762066692290  0.98425239690244903
  0.98441546466521823  0.98457756378917993  0.98473906234720243  0.98490078417621540
  0.98506365637600735  0.98522726784390924  0.98539059316806921  0.98555347696675166
  0.98571524560898094  0.98587615537831952  0.98603746453674657  0.98619854556273501
  0.98635981075951285  0.98652186850627865  0.98668433471034844  0.98684846745517729
  0.98701288476277527  0.98717746551224761  0.98734250022714232  0.98750838422486031
  0.98767536541544620  0.98784349855583531  0.98801335224194775  0.98818390555153901
  0.98835679659556153  0.98853072582264756  0.98870662022565037  0.98888422141459342
  0.98906344674109703  0.98924547443366517  0.98942840751184225  0.98961437377281769
  0.98980175026720896  0.98999370965819677  0.99018982435048408  0.99038963849848827
  0.99059244775223831  0.99079837767676537  0.99100807122568713  0.99122177397169398
  0.99144130799388053  0.99166390501664170  0.99189494479028539  0.99212899552578937
  0.99237454293132721  0.99262442199203271  0.99288595801086232  0.99315845123450097
  0.99344166952381507  0.99374074230332099  0.99405334070945706  0.99438511040747180
  0.99474163422085371  0.99512493965959747  0.99554492999541122  0.99602459371903251
  0.99658325722570262  0.99725961167463106  0.99819593203717327  1.00000000000000000
 -0.00748004781138937  0.04169889611876837  0.06891310029918124  0.08992334570816836
  0.10771781484910890  0.12353739046825789  0.13845834734184773  0.15201217099855008
  0.16454631061425118  0.17669776911760207  0.18895501552279653  0.20133459528401432
  0.21309942426220863  0.22425929573457309  0.23491642385865025  0.24513529830706413
  0.25482103785675841  0.26396963783965743  0.27291166445497794  0.28156325898351225
  0.29014735751700838  0.29875562372073994  0.30730433589732770  0.31590079302280077
  0.32447743745322982  0.33309714055778766  0.34137396956263727  0.34963588541613694
  0.35765633339039549  0.36564076312254379  0.37335188580625850  0.38084670234720791
  0.38818185868638688  0.39557015127042322  0.40300126586638463  0.41050301546788576
  0.41812049104885279  0.42580195170462487  0.43347783668701223  0.44111192982390668
  0.44866957371613059  0.45613585661984152  0.46353071957216530  0.47097739472521244
  0.47845185844952942  0.48562508062046084  0.49268719444466824  0.49993121881274999
  0.50728938150295677  0.51461864698519366  0.52174433545650212  0.52876501328465986
  0.53580851431854937  0.54298821397264951  0.55031049555215938  0.55784258119938845
  0.56542826980380534  0.57276259609982272  0.58002677468270780  0.58717309571042542
  0.59436440550467196  0.60158668159586881  0.60891264494038555  0.61635641983003486
  0.62378867667171689  0.63147107316402018  0.63949745773998734  0.64771360084573149
  0.65580381372941088  0.66358993120099996  0.67139158700328239  0.67948553092494135
  0.68768976174096841  0.69588895114991456  0.70419709648483064  0.71284459558980429
  0.72176349200405676  0.73075865635957649  0.73994573724240020  0.74946911034924757
  0.75926594931439950  0.76902187519227450  0.77864164292418714  0.78835853991259253
  0.79880429999107849  0.81001600038286192  0.82227296956821649  0.83510780309895705
  0.84821965091411422  0.86219100907631896  0.87707242892147441  0.89368997867575539
  0.91191973881937727  0.93286471242560165  0.95915419201606233  1.00000000000000000
   8.3056342113228830E-033  -1.0000000000000000     
 F F F F F F F F F F F F F F F F F F F F F F F F F F F F F F F F
  <DiscreteSampler_grid>
  grouped_processes
  1 # 1 for a reference and 2 for a running grid.
  10 # Attribute 'min_bin_probing_points' of the grid.
  1 # Attribute 'grid_mode' of the grid. 1=='default',2=='initialization'
  0.0000000000000000 # Attribute 'small_contrib_threshold' of the grid.
  0.5000000000000000 # Attribute 'damping_power' of the grid.
 # binID   n_entries weight   weight_sqr   abs_weight
    10   10   2.291482253731742E+002   5.251343796273026E+004   2.291482253731742E+002
    11   10   2.291482253731742E+002   5.251343796273026E+004   2.291482253731742E+002
  </DiscreteSampler_grid>
