 -0.00209256447484640  0.00831708781547338  0.01779683886613494  0.02780067680396749
  0.03795482103003300  0.04798330405768916  0.05811702484304100  0.06832160202976609
  0.07841779116775979  0.08858465308457719  0.09879306186088894  0.10896692268424875
  0.11904130396060025  0.12920232287573385  0.13944905482260642  0.14974044807579878
  0.16030893132654717  0.17123305445544038  0.18247898106697635  0.19349585586895471
  0.20414108341863452  0.21518012687920038  0.22648391808196008  0.23743541267081461
  0.24764796291461177  0.25739025823125133  0.26700669872024735  0.27666331314175152
  0.28677660133016925  0.29740906724252147  0.30818256991635129  0.31847483663455711
  0.32854060781199018  0.33891922393569918  0.34990342955250936  0.36142671323185482
  0.37326572008452424  0.38467175417842908  0.39560310747102995  0.40604227794065867
  0.41653349354936881  0.42724786017447314  0.43814359815293852  0.44884309401329014
  0.45949009604995961  0.47035707635677587  0.48127863117139230  0.49217059007142600
  0.50332394613553411  0.51402209871394877  0.52419617878887215  0.53388323399429705
  0.54389836162194949  0.55457991096416881  0.56567286502426084  0.57676273798865418
  0.58761975021736867  0.59853271732436275  0.60988305107629404  0.62125960593041640
  0.63270192242241963  0.64390102095094581  0.65528537587258173  0.66673115726869836
  0.67753493627038641  0.68798583516641398  0.69830017577027015  0.70873724453860554
  0.71917478224720299  0.72970878118490357  0.74043065167624655  0.75129054255981620
  0.76187274731798549  0.77217490505075170  0.78216451982984259  0.79273347659917603
  0.80404468896458958  0.81564307526256863  0.82644568305531896  0.83670249323348800
  0.84675972406285238  0.85677621119403957  0.86644865048225095  0.87604318400769776
  0.88619898122209861  0.89690087141478070  0.90824440340626067  0.91904415567155240
  0.92911435560885958  0.93907869697493729  0.94892430797822391  0.95939105304020222
  0.96938349808404256  0.97947846666568239  0.98957085640630138  1.00000000000000000
 -0.00211209001477171  0.00911560787716916  0.01854361091728132  0.02856434391740226
  0.03834141512897264  0.04892212547119366  0.05962797556234490  0.07026100494765962
  0.08078100994406121  0.09125206218589167  0.10157057440652098  0.11184417725341209
  0.12208884555393404  0.13235739161751880  0.14245499378300736  0.15257097737224151
  0.16275973555476883  0.17272418064149342  0.18238576514816029  0.19218390448607944
  0.20222353347347852  0.21277648356958401  0.22339145172766484  0.23449307655485788
  0.24560822680658909  0.25715020393718213  0.26885122018292557  0.28009978263413426
  0.29037225809551348  0.30126482846763536  0.31199852376940357  0.32268174732727356
  0.33302348606063453  0.34390635731479652  0.35510042762657423  0.36606752036831580
  0.37673103043424983  0.38728903848065194  0.39761601138932895  0.40794335493870942
  0.41839015912044808  0.42889294483119300  0.43943459879745878  0.45011864533401430
  0.46088207190290570  0.47145069058606309  0.48165769409934422  0.49156529989771275
  0.50129879638795960  0.51081380966638279  0.52034443106443051  0.53065502688212951
  0.54130211889956170  0.55200400891931023  0.56223873209828623  0.57272063845144194
  0.58339742654343119  0.59453965290577859  0.60558014644112823  0.61706899368976165
  0.62813404608404844  0.63907723170817277  0.64949608959982685  0.65966187308944846
  0.67024000825178554  0.68101641871398944  0.69175667661323981  0.70290526569203970
  0.71450995971585396  0.72600945955022389  0.73720342980634446  0.74813879304062614
  0.75915463642238312  0.76996353812306451  0.78036689825268368  0.79065357557386529
  0.80103876378043759  0.81147415937715850  0.82201153795007098  0.83287591685269158
  0.84403874996894224  0.85536015549828048  0.86638238766609021  0.87691500176357717
  0.88707909582554956  0.89738171548714729  0.90813891165793914  0.91899469450502336
  0.92933682294306375  0.93924476903027998  0.94898778058329647  0.95861517155470188
  0.96846538609047084  0.97864871750288696  0.98948519082245734  1.00000000000000000
  0.97775482106616840  0.97784960067923854  0.97796490153482596  0.97806549162479373
  0.97815822140574882  0.97824533344135300  0.97833100244742877  0.97841473372372034
  0.97849669863264022  0.97857677979622693  0.97865547668201402  0.97873267302788558
  0.97880918317484578  0.97888513858900317  0.97896070204927954  0.97902927596199230
  0.97909053615674524  0.97918644388173426  0.97929162083879340  0.97940355443411320
  0.97952931103300911  0.97966122548162315  0.97979049256750173  0.97991545226561005
  0.98003898492765029  0.98016300806200640  0.98028838889483172  0.98041615664343529
  0.98054400030505584  0.98067174378509003  0.98079967941395552  0.98092879879881290
  0.98105921795850826  0.98119206834089467  0.98132645795282925  0.98146093909227594
  0.98159410964330951  0.98173066702612533  0.98186885987024475  0.98200911972971683
  0.98215186634322682  0.98229685757615504  0.98244207798851135  0.98258943318336356
  0.98273820109907595  0.98288848472576817  0.98304070389160314  0.98319504049784945
  0.98334957108040688  0.98350861518962418  0.98366928740707993  0.98383341869511531
  0.98400299827792670  0.98417503836565978  0.98434880238199074  0.98452408102021227
  0.98470325191272645  0.98488714014150713  0.98507522225781108  0.98526856099570170
  0.98546766263088892  0.98567083187416704  0.98588218402730299  0.98609581488490683
  0.98631160189617828  0.98653424032223969  0.98675911267647298  0.98699313267004629
  0.98723161843450713  0.98748032801835728  0.98773286718688502  0.98798672784706754
  0.98824724215275606  0.98851334577993333  0.98878722167129596  0.98907013921752085
  0.98936096070055268  0.98965857960074366  0.98995851736500817  0.99026771767195187
  0.99059034722274764  0.99092362653052912  0.99126788418883127  0.99162832303855442
  0.99200178526386751  0.99239046158193334  0.99279621747358571  0.99322201152773892
  0.99366820510078024  0.99414712646999470  0.99468098471634392  0.99528045352732997
  0.99596323430273181  0.99678142296701921  0.99787545587841375  1.00000000000000000
 -0.00386700699232715  0.02000608750520859  0.03472674414108160  0.04603488677953260
  0.05608167766209098  0.06551319532425379  0.07451294534142688  0.08315767486162687
  0.09151345132509257  0.09955141558092964  0.10729348195213913  0.11425203087875270
  0.12124715015476122  0.12817326428973252  0.13520865967373130  0.14221496227510202
  0.14918493212165471  0.15619506300636479  0.16321802089203843  0.17004838506573128
  0.17666212718999263  0.18309333587324259  0.18957136997917085  0.19573477033305739
  0.20184357888156779  0.20803871026378723  0.21452662284751611  0.22122438012235246
  0.22797524560393970  0.23462157911622442  0.24110123506027667  0.24773609033095081
  0.25441253235926153  0.26157530557417047  0.26856106720456296  0.27580284719900544
  0.28324910345390381  0.29071161730671669  0.29829771350688622  0.30603170571039179
  0.31412333772388812  0.32245070797364861  0.33067738201169766  0.33875190317625381
  0.34688367889447419  0.35542030014047699  0.36441772140462914  0.37366108583892726
  0.38285649333653060  0.39178305617896697  0.40106893103838220  0.41108000906286135
  0.42206096424444511  0.43386343924184206  0.44630784316442518  0.45907184568412773
  0.47223463614161093  0.48605518198774983  0.50117997038348350  0.51732390727591193
  0.53355109534333334  0.54972161444667544  0.56585468932388316  0.58184493248689084
  0.59783047472034012  0.61332187085307965  0.62813590173194223  0.64249606212553600
  0.65648312294806643  0.67032647003248924  0.68412027902247041  0.69757656112676636
  0.71071858660310239  0.72373790617425660  0.73577325563388285  0.74737429065948180
  0.75918295032202232  0.77044791462614548  0.78139392094551230  0.79190450435396587
  0.80327827798238405  0.81400200887384522  0.82512613117118105  0.83574933836995402
  0.84696973900920169  0.85847602329956574  0.87033624903182361  0.88190979607789333
  0.89308651194297040  0.90429992589057206  0.91560185571571018  0.92767133800964086
  0.94088268925571839  0.95595013264253914  0.97543175561828344  1.00000000000000000
   5.5533573968285293E-026  -1.0000000000000000     
 F F F F F F F F F F F F F F F F F F F F F F F F F F F F F F F F
  <DiscreteSampler_grid>
  grouped_processes
  1 # 1 for a reference and 2 for a running grid.
  10 # Attribute 'min_bin_probing_points' of the grid.
  1 # Attribute 'grid_mode' of the grid. 1=='default',2=='initialization'
  0.0000000000000000 # Attribute 'small_contrib_threshold' of the grid.
  0.5000000000000000 # Attribute 'damping_power' of the grid.
 # binID   n_entries weight   weight_sqr   abs_weight
    10   10   3.096053400627001E+002   9.586566320563856E+004   3.096053400627001E+002
    11   10   3.096053400627001E+002   9.586566320563856E+004   3.096053400627001E+002
  </DiscreteSampler_grid>
