 -0.00244540269015212  0.01001988618165321  0.02051245355219248  0.03091767323257844
  0.04126908583541570  0.05138753275081785  0.06138696629757025  0.07154082887117337
  0.08165512696694617  0.09177833668839176  0.10186491926089503  0.11224073572493413
  0.12281639408663393  0.13311818161012601  0.14330983576946041  0.15339167904992260
  0.16349524078876448  0.17402758964549181  0.18484291115938542  0.19554030513274603
  0.20604345554915485  0.21657341616507222  0.22718549739330676  0.23758836893095125
  0.24803345493690346  0.25858513466557043  0.26932682133670088  0.28008583489204653
  0.29077408551980855  0.30150717067516503  0.31202069594922394  0.32261476546767309
  0.33324949258513681  0.34431769018242320  0.35565516659726470  0.36697258755696460
  0.37765091445854326  0.38801419590950398  0.39847102099018988  0.40854526699415106
  0.41864705162408261  0.42870601629986854  0.43950058966368266  0.44995372492113561
  0.46055932624850687  0.47055963266377088  0.48050964900964083  0.49025574491537177
  0.50034856765406455  0.51088793233796193  0.52147939030822410  0.53208690133702430
  0.54254639992508724  0.55336587299753814  0.56429427835330015  0.57551040431687894
  0.58691002211575549  0.59812565666837492  0.60895710838170602  0.61937937107230545
  0.62971803201855603  0.63982722908198941  0.64985940372228956  0.65986678390337494
  0.67024441481709995  0.68107354847776869  0.69209218842423215  0.70277882996484553
  0.71381336750126623  0.72475010308802712  0.73549240391785875  0.74560071791412896
  0.75560722355562193  0.76562125676862636  0.77582758243573691  0.78595973846994549
  0.79662401413846295  0.80733475550985034  0.81804119891691085  0.82831363176265738
  0.83857244350377880  0.84911324187621784  0.85968922394429204  0.87001789715090128
  0.88049055675368648  0.89066648278719196  0.90109417865225083  0.91130912245655593
  0.92225097861732575  0.93342703937044313  0.94473470335627818  0.95585143533130545
  0.96703083432954240  0.97830568342814817  0.98915674106997042  1.00000000000000000
 -0.00207845153100325  0.00855577136052520  0.01814884736588353  0.02820836608844864
  0.03901865661027380  0.04936522048236566  0.05954714172851125  0.07010929603533245
  0.08053879048565912  0.09143872613376459  0.10212056171773949  0.11311932098652368
  0.12350676286119153  0.13418151153086386  0.14471091807449551  0.15533299912733356
  0.16561313193293198  0.17582818878662840  0.18585546545818374  0.19623519910594348
  0.20675359727189760  0.21762602421669758  0.22855165482439074  0.23967054557169609
  0.25096284298784727  0.26224697647690859  0.27328384451445897  0.28381215169403257
  0.29409021180623834  0.30438024790618634  0.31449286980393093  0.32483062768298604
  0.33536596021471582  0.34578811997061631  0.35619605005918625  0.36661562260520153
  0.37742140397204471  0.38839665932249284  0.39953481323865520  0.41076179825504705
  0.42172751041109341  0.43245144918997991  0.44330954436363201  0.45411468981714675
  0.46477652905145372  0.47518339306304269  0.48543772466950752  0.49604939963046979
  0.50686799207288180  0.51779128910639616  0.52858918758043538  0.53946082266483553
  0.55047846655192889  0.56152249784052854  0.57235633328914848  0.58293051471644575
  0.59308175324562051  0.60318215622982418  0.61349749107417073  0.62384537232179604
  0.63409272369734593  0.64405254753965535  0.65419320868938247  0.66446452791611832
  0.67451743347379844  0.68442643680592830  0.69443751862307868  0.70464443073757688
  0.71483756180170466  0.72488290314895931  0.73529634082002593  0.74611963019993088
  0.75682097197425457  0.76796071787232700  0.77838682004787318  0.78874940597081955
  0.79869187884887749  0.80895432609897178  0.81916652221877906  0.82968821387306291
  0.84017526897730510  0.85082351693472902  0.86116720190442309  0.87146827978398256
  0.88134929452904542  0.89127180643068682  0.90157558904661117  0.91248854805687540
  0.92364705859164542  0.93445584743932719  0.94526305422368295  0.95566590136349872
  0.96624168465992444  0.97689947313164627  0.98837017993628307  1.00000000000000000
  0.97774794824256095  0.97795433058521763  0.97815387714609536  0.97833073931179659
  0.97849666368583854  0.97865439267098986  0.97880456212611355  0.97894742098036114
  0.97907595524780033  0.97925566233727068  0.97947775147543514  0.97972296880615972
  0.97995340499055850  0.98017533171908922  0.98038860799765948  0.98059726884239862
  0.98079920898697903  0.98099623392711022  0.98119282205490510  0.98138615283007502
  0.98157639348782577  0.98176135192268854  0.98194487936312624  0.98212620433803788
  0.98230619116828788  0.98248237852670284  0.98265490126973565  0.98282531491503089
  0.98299467148004849  0.98316274774641477  0.98333087183694545  0.98349874762053446
  0.98366759703130124  0.98383628909186449  0.98400344953289887  0.98416851438613973
  0.98433152426574333  0.98449359514844248  0.98465537278475124  0.98481603857725930
  0.98497672015854176  0.98513766499133737  0.98529798360969856  0.98545978707076998
  0.98562144489767756  0.98578339680858595  0.98594533404443629  0.98610774167788495
  0.98627071142275202  0.98643446469981877  0.98660200710601198  0.98676964381409848
  0.98693623861739954  0.98710259419437230  0.98726956606075822  0.98743743537661333
  0.98760574288534719  0.98777372128489349  0.98794452176997571  0.98811713135202961
  0.98829260813960651  0.98846908340978801  0.98864602224416731  0.98882436599238677
  0.98900510268221753  0.98918808837978756  0.98937433267349129  0.98956173105368106
  0.98975027547664074  0.98994070491868058  0.99013447594297566  0.99033236012709835
  0.99053400710474304  0.99073884088292752  0.99094733976435478  0.99116186747558843
  0.99138142380684435  0.99160651039014736  0.99183566383463528  0.99207043356713698
  0.99231706993646618  0.99257004197173160  0.99283416369600708  0.99310679793316081
  0.99339100544483572  0.99368959600407258  0.99400060233653231  0.99433190309978248
  0.99469001393071754  0.99507574371318175  0.99550207989983708  0.99598560157329841
  0.99654496234090206  0.99721244389137165  0.99815908524988528  1.00000000000000000
 -0.00654964012534087  0.03952662200974572  0.06716302488502734  0.08829061558038187
  0.10624458271947018  0.12231797158801162  0.13751951014942201  0.15186164676966485
  0.16499496877143346  0.17724783264337640  0.18902597327593479  0.20036558040707175
  0.21146886317172667  0.22219373308313881  0.23251719221246112  0.24253374840148495
  0.25266156992022998  0.26272838196122605  0.27257108142211789  0.28197214677545618
  0.29104574864100313  0.29992771617734248  0.30876575635710141  0.31737380692269562
  0.32549715879865804  0.33349137216648239  0.34137492020341603  0.34938306565656396
  0.35729874865265826  0.36497971217261943  0.37257192950074786  0.38019166818715788
  0.38790019797795300  0.39547121288391157  0.40272368788057067  0.40983698709409544
  0.41687091606976345  0.42387705208674942  0.43086534680592237  0.43784098087897066
  0.44489759826131742  0.45205582631635993  0.45922803676125906  0.46629662613081818
  0.47329360217381305  0.48037885200313230  0.48761829406766422  0.49504330147324355
  0.50223800419942466  0.50970832538395550  0.51677330634453533  0.52408468093228278
  0.53135178202061328  0.53857005350864295  0.54556729808669779  0.55240812766545244
  0.55921931627280108  0.56613073549915360  0.57320132546636160  0.58034516819079551
  0.58760776240955725  0.59507832816870432  0.60261443462779718  0.61022360583972834
  0.61796170428982189  0.62567437505379520  0.63355049832212840  0.64166631348503578
  0.64978598190627612  0.65792304631824194  0.66585956661633394  0.67394084447281266
  0.68213081410499976  0.69056902238029039  0.69917028278785509  0.70770022470189731
  0.71654486779717552  0.72555549365267735  0.73479761542098276  0.74422202047435326
  0.75405467284344152  0.76425710654615164  0.77473332484410606  0.78532471179999785
  0.79600966466818279  0.80685322798044190  0.81852865608461345  0.83098028684110092
  0.84468923852690470  0.85922385240099497  0.87459636058846202  0.89075253768578999
  0.90917232666261105  0.93149412599218540  0.95988258434854046  1.00000000000000000
   4.1360319342154081E-029  -1.0000000000000000     
 F F F F F F F F F F F F F F F F F F F F F F F F F F F F F F F F
  <DiscreteSampler_grid>
  grouped_processes
  1 # 1 for a reference and 2 for a running grid.
  10 # Attribute 'min_bin_probing_points' of the grid.
  1 # Attribute 'grid_mode' of the grid. 1=='default',2=='initialization'
  0.0000000000000000 # Attribute 'small_contrib_threshold' of the grid.
  0.5000000000000000 # Attribute 'damping_power' of the grid.
 # binID   n_entries weight   weight_sqr   abs_weight
    10   10   1.136922306328825E+006   1.292602216405990E+012   1.136922306328825E+006
    11   10   1.136922306328825E+006   1.292602216405990E+012   1.136922306328825E+006
  </DiscreteSampler_grid>
