1.000000000000000021e-02 0.000573
1.033962953709855956e-02 0.000445
1.069079389644409135e-02 0.000651
1.105388483467063115e-02 0.000512
1.142930741362462206e-02 0.000569
1.181748045224926755e-02 0.000523
1.221883699381613037e-02 0.000523
1.263382478902538332e-02 0.000619
1.306290679551347540e-02 0.000519
1.350656169432566146e-02 0.000477
1.396528442392935658e-02 0.000523
1.443958673236423428e-02 0.000544
1.492999774814496999e-02 0.000491
1.543706457055346246e-02 0.000498
1.596135287997922647e-02 0.000462
1.650344756898862800e-02 0.000501
1.706395339482722276e-02 0.000487
1.764349565408286982e-02 0.000484
1.824272088026253000e-02 0.000473
1.886229756506070665e-02 0.000469
1.950291690412438161e-02 0.000501
2.016529356814632246e-02 0.000466
2.085016650014692025e-02 0.000509
2.155829973983420036e-02 0.000494
2.229048327596137510e-02 0.000544
2.304753392763317019e-02 0.000537
2.383029625554369466e-02 0.000434
2.463964350416287738e-02 0.000477
2.547647857592211587e-02 0.000580
2.634173503848627820e-02 0.000530
2.723637816623567659e-02 0.000462
2.816140601711965633e-02 0.000512
2.911785054608354711e-02 0.000487
3.010677875631067105e-02 0.000437
3.112929388956412260e-02 0.000555
3.218653665695587335e-02 0.000477
3.327968651151664431e-02 0.000448
3.440996296398580317e-02 0.000459
3.557862694328949027e-02 0.000505
3.678698220322464130e-02 0.000565
3.803637677691805441e-02 0.000587
3.932820448068315849e-02 0.000633
4.066390646895234884e-02 0.000558
4.204497284201926671e-02 0.000683
4.347294430838489349e-02 0.000587
4.494941390356171212e-02 0.000672
4.647602876725353410e-02 0.000814
4.805449198089366963e-02 0.000807
4.968656446759137785e-02 0.000903
5.137406695660595712e-02 0.000981
5.311888201454020159e-02 0.001074
5.492295614551932770e-02 0.001216
5.678830196269801789e-02 0.001508
5.871700043351842091e-02 0.001693
6.071120320122359859e-02 0.002098
6.277313498521640278e-02 0.002848
6.490509606294181388e-02 0.004499
6.710946483606122781e-02 0.011753
