 -0.00209368183611897  0.00923516238811386  0.01918436235972644  0.02912121381974610
  0.03898029738471969  0.04824788368638275  0.05780506505577183  0.06779670362429517
  0.07802814817703903  0.08829004426052724  0.09871330454000435  0.10955740974003464
  0.12111473635579782  0.13198009476296335  0.14269512149681229  0.15313843710414701
  0.16421063759284760  0.17512415638841411  0.18590467113285797  0.19610002653002798
  0.20619785495409479  0.21629165401883560  0.22679640478477367  0.23762279727829191
  0.24865892239159104  0.25989933711717983  0.27087012217513345  0.28154132722173209
  0.29213809478030928  0.30277432788443298  0.31346590992163320  0.32395594179860787
  0.33409932552399951  0.34407271801049438  0.35421532721295806  0.36476076980668487
  0.37569974355058056  0.38613858642241183  0.39587772830349893  0.40556760377629442
  0.41568303050035493  0.42634787563992910  0.43685871303995777  0.44756969959290249
  0.45827209367457289  0.46916727569411065  0.47992263490442133  0.49059861372099195
  0.50083543789367535  0.51050793941281802  0.51990395014605817  0.52971075859776873
  0.53970645269258155  0.54966667874658248  0.55932045402711561  0.56909336577583258
  0.57941205228116666  0.59007836560169658  0.60053910603691696  0.61103032593777540
  0.62142229041480779  0.63193882246272182  0.64199043594292748  0.65220474134971307
  0.66258092250172584  0.67328138776337698  0.68394166363757292  0.69467234986776150
  0.70567659231522151  0.71690970823484934  0.72789829518208626  0.73877698582088747
  0.74982587652792132  0.76072750126017541  0.77164651071346824  0.78227679752744372
  0.79305624669154773  0.80415370310726175  0.81554107830812439  0.82739313698815908
  0.83867630312513375  0.84983681317919868  0.86090834971205976  0.87239962889330758
  0.88312866824263025  0.89394363375152741  0.90443462605177327  0.91504769519316043
  0.92599444888631133  0.93671435640394540  0.94761727191596157  0.95827086125513616
  0.96884728010629362  0.97957825244084384  0.98991859449509423  1.00000000000000000
 -0.00246185860281127  0.01039388139296511  0.02119523083046480  0.03227594923345829
  0.04356345745006805  0.05516242749210876  0.06667603130361105  0.07757612447069838
  0.08831993961784826  0.09916813089781079  0.11000119243625939  0.12078689930679395
  0.13160982953168948  0.14239790130430338  0.15293412903282858  0.16328845758862770
  0.17376246892820785  0.18422248108364744  0.19486729439094921  0.20577108340518835
  0.21656736936390050  0.22725124306830480  0.23772872450149266  0.24792229637489827
  0.25777602664811511  0.26780357669060650  0.27818965379628929  0.28867063337557930
  0.29880609881948694  0.30881822967568767  0.31880404582049271  0.32917771018430381
  0.33989035168585352  0.35061502543749035  0.36092901406160449  0.37106093488049630
  0.38129527439638133  0.39149286175313547  0.40172236892699431  0.41210113936224668
  0.42254668544242996  0.43299860565092868  0.44352429639601876  0.45427573909180219
  0.46580617533658780  0.47712183614292986  0.48825960125713919  0.49907981955193248
  0.50999975689667110  0.52058539962008976  0.53156708165019850  0.54182526700805222
  0.55286380547593261  0.56356114032225413  0.57463628754126095  0.58500255417406799
  0.59505177270195264  0.60516514543820776  0.61540332168294720  0.62581319960152870
  0.63625436829952819  0.64679054896946964  0.65731833349992164  0.66767715123583460
  0.67770963567652631  0.68773088080810252  0.69791381950390929  0.70826702593672231
  0.71924867961174166  0.72941289536206821  0.74005533256003408  0.75040481327904163
  0.76109550540252069  0.77164184555756155  0.78209501215310950  0.79293894673616516
  0.80348341296864267  0.81388031146876749  0.82442159503059198  0.83483726337123088
  0.84490414046445173  0.85516031057013520  0.86605204374966516  0.87683137310522186
  0.88741939847018936  0.89792377924371969  0.90875242232582998  0.91903920468458566
  0.92914769924282792  0.93956458547832489  0.95028297593580735  0.96058912974899657
  0.97036202578990471  0.98036754021434480  0.99015383038632043  1.00000000000000000
  0.97775639183291740  0.97785529519914283  0.97797537000062251  0.97808117026769426
  0.97818018302278065  0.97827400016821686  0.97836513226959232  0.97845259208064383
  0.97853677663334848  0.97861925079725176  0.97870063498073745  0.97878195601722418
  0.97886392612843132  0.97894640757390095  0.97902402660628229  0.97909791612742070
  0.97919907530589700  0.97931332219662082  0.97943525182091951  0.97957138631477336
  0.97971009857486158  0.97984704867248540  0.97998100624915896  0.98011456773645622
  0.98024771455103243  0.98037939723117906  0.98051005604656838  0.98064077588621135
  0.98077297580601819  0.98090506572289671  0.98103720012998930  0.98116853306441354
  0.98129854581310405  0.98143022728625062  0.98156347837089064  0.98170066713044912
  0.98184023345421523  0.98197977305683526  0.98212036491116161  0.98226156495453465
  0.98240332434924560  0.98254667287157682  0.98269165637835654  0.98283678368937333
  0.98298426208222456  0.98313341321107195  0.98328365512341254  0.98343570274057679
  0.98359011531481078  0.98374528751547741  0.98390483758119118  0.98406547815750511
  0.98422884627582852  0.98439511491371845  0.98456354067408436  0.98473355874541424
  0.98490637804997394  0.98507990205495388  0.98525933502712137  0.98544115725098114
  0.98562869728313052  0.98582091065400912  0.98601569938581524  0.98621351485296105
  0.98641274092024123  0.98661628665732670  0.98682207877279748  0.98703382438519927
  0.98724645499485564  0.98746746792457141  0.98769180212743679  0.98792344134832466
  0.98815924559505020  0.98840076076342531  0.98864818265953658  0.98890286070891009
  0.98916783765459626  0.98943983901569943  0.98972374274647879  0.99002017108834262
  0.99032616543286955  0.99064202473736906  0.99096708185789195  0.99130808539349391
  0.99166815712560130  0.99204885221466033  0.99245167813636259  0.99288190174327062
  0.99334153829403693  0.99383806313053591  0.99438074890830486  0.99500886217589624
  0.99572530417353944  0.99659215551674840  0.99775860296545571  1.00000000000000000
 -0.00519704735013749  0.02506235131569279  0.04377790548628693  0.05853554427895533
  0.07133643761222459  0.08283269897624186  0.09336293304497546  0.10320292851339453
  0.11260486855913678  0.12193244138175288  0.13140762442237874  0.14074197616954423
  0.14979020105238139  0.15857828587274420  0.16729666345675145  0.17601598241902108
  0.18440586328471986  0.19279256049142551  0.20090325406860915  0.20913460019098354
  0.21724456076829729  0.22529823702970111  0.23333922099108584  0.24150203974425968
  0.24969474419417381  0.25758761773712008  0.26534500266543881  0.27306402500142468
  0.28107886533392612  0.28911454644025625  0.29702758973658705  0.30499603615037363
  0.31305581432462259  0.32139564940385124  0.32944499144778788  0.33703749625801499
  0.34461310970928549  0.35228575746719043  0.36005228640327858  0.36833214955243049
  0.37688109158303318  0.38564664537020826  0.39417197967458212  0.40214933105983336
  0.41001814571400708  0.41788435944481811  0.42583980119611520  0.43386589390779512
  0.44199216195235408  0.45012518450388572  0.45839011060247059  0.46696249196364836
  0.47581008142543735  0.48494584257347240  0.49411731581741158  0.50336603529547974
  0.51268996468729466  0.52209181791309700  0.53166835822268010  0.54140834103596391
  0.55124307208781442  0.56086928133056169  0.57035410327352754  0.57990932044750776
  0.58961105423237048  0.59949725777969320  0.60943733635606334  0.61945458493547401
  0.62968562259874594  0.64000395062063453  0.65027404511456521  0.66056156200097604
  0.67102353812128990  0.68211358760275387  0.69343319723487040  0.70456130284081031
  0.71570980530651263  0.72683016684515545  0.73791782384378790  0.74902153513247949
  0.76012245432337422  0.77111613684367741  0.78205714272755111  0.79331479593974286
  0.80502128397263373  0.81733226119777347  0.83060194686788691  0.84432370631509801
  0.85834468382911799  0.87249181128456177  0.88789502170949108  0.90436040680567420
  0.92207758942288098  0.94180487189633355  0.96630946408022456  1.00000000000000000
   1.5290759696597976E-023  -1.0000000000000000     
 F F F F F F F F F F F F F F F F F F F F F F F F F F F F F F F F
  <DiscreteSampler_grid>
  grouped_processes
  1 # 1 for a reference and 2 for a running grid.
  10 # Attribute 'min_bin_probing_points' of the grid.
  1 # Attribute 'grid_mode' of the grid. 1=='default',2=='initialization'
  0.0000000000000000 # Attribute 'small_contrib_threshold' of the grid.
  0.5000000000000000 # Attribute 'damping_power' of the grid.
 # binID   n_entries weight   weight_sqr   abs_weight
    10   10   2.881007048512351E+005   8.300240473930789E+010   2.881007048512351E+005
    11   10   2.881007048512351E+005   8.300240473930789E+010   2.881007048512351E+005
  </DiscreteSampler_grid>
