0.001 0.032695 
0.001046 0.03262 
0.00109411 0.033745 
0.00114443 0.03263 
0.00119707 0.033215 
0.00125213 0.03361 
0.00130973 0.0326 
0.00136997 0.032865 
0.00143298 0.03337 
0.00149889 0.03391 
0.00156784 0.03244 
0.00163995 0.03329 
0.00171538 0.03351 
0.00179429 0.032885 
0.00187681 0.033645 
0.00196314 0.033385 
0.00205344 0.032965 
0.00214789 0.033505 
0.00224668 0.033315 
0.00235002 0.03297 
0.00245811 0.03372 
0.00257118 0.03258 
0.00268944 0.033685 
0.00281315 0.033125 
0.00294254 0.033145 
0.00307789 0.032755 
0.00321946 0.033565 
0.00336754 0.03266 
0.00352243 0.03273 
0.00368445 0.03306 
0.00385392 0.03328 
0.00403119 0.033825 
0.00421661 0.033275 
0.00441056 0.03328 
0.00461343 0.03337 
0.00482563 0.0338 
0.00504759 0.033435 
0.00527976 0.033595 
0.0055226 0.03358 
0.00577662 0.033735 
0.00604233 0.033145 
0.00632025 0.03296 
0.00661096 0.03306 
0.00691504 0.03194 
0.0072331 0.033245 
0.0075658 0.03313 
0.00791379 0.0334 
0.0082778 0.03425 
0.00865855 0.03277 
0.00905681 0.03275 
0.00947339 0.033415 
0.00990912 0.03313 
0.0103649 0.033265 
0.0108416 0.03312 
0.0113403 0.033455 
0.0118619 0.032985 
0.0124075 0.03324 
0.0129782 0.03354 
0.0135752 0.033405 
0.0141996 0.033215 
0.0148527 0.03341 
0.0155359 0.033245 
0.0162505 0.032645 
0.016998 0.03281 
0.0177798 0.03328 
0.0185976 0.03325 
0.019453 0.03315 
0.0203478 0.032875 
0.0212837 0.032745 
0.0222627 0.03293 
0.0232867 0.033115 
0.0243578 0.033565 
0.0254781 0.03372 
0.02665 0.03346 
0.0278758 0.033095 
0.029158 0.033375 
0.0304992 0.033275 
0.031902 0.03298 
0.0333694 0.033325 
0.0349042 0.033805 
0.0365097 0.033845 
0.038189 0.033595 
0.0399456 0.033355 
0.0417829 0.03384 
0.0437048 0.033595 
0.045715 0.032795 
0.0478177 0.032895 
0.0500172 0.033215 
0.0523178 0.032595 
0.0547242 0.03269 
0.0572413 0.03357 
0.0598742 0.032985 
0.0626281 0.03322 
0.0655088 0.032995 
0.068522 0.033105 
0.0716737 0.03363 
0.0749704 0.03278 
0.0784188 0.03317 
0.0820257 0.033305 
0.0857986 0.033685 
0.089745 0.033705 
0.093873 0.033755 
0.0981908 0.032735 
0.102707 0.033875 
0.107431 0.03309 
0.112373 0.03317 
0.117541 0.03357 
0.122948 0.033165 
0.128603 0.033435 
0.134518 0.03359 
0.140706 0.03362 
0.147177 0.03308 
0.153947 0.033515 
0.161028 0.03349 
0.168435 0.03342 
0.176182 0.03329 
0.184286 0.032865 
0.192762 0.032935 
0.201629 0.03318 
0.210903 0.032825 
0.220604 0.03337 
0.23075 0.03328 
0.241364 0.03311 
0.252466 0.03333 
0.264078 0.03368 
0.276225 0.03353 
0.28893 0.03311 
0.30222 0.03354 
0.316121 0.033795 
0.330661 0.033605 
0.345871 0.033435 
0.361779 0.03479 
0.37842 0.03385 
0.395826 0.03404 
0.414032 0.03437 
0.433076 0.033965 
0.452996 0.033575 
0.473832 0.03504 
0.495626 0.03499 
0.518423 0.034585 
0.542269 0.033845 
0.567211 0.03482 
0.593301 0.03517 
0.62059 0.03552 
0.649135 0.03613 
0.678993 0.036665 
0.710224 0.03797 
0.742891 0.038245 
0.777061 0.0385 
0.812803 0.041135 
0.850189 0.04296 
0.889295 0.047075 
0.930199 0.053525 
0.972985 0.06344 
1.01774 0.069935 
1.06455 0.068155 
1.11352 0.068035 
1.16473 0.06639 
1.21831 0.064845 
1.27434 0.0629 
1.33296 0.062625 
1.39427 0.06166 
1.4584 0.06023 
1.52548 0.060195 
1.59565 0.058035 
1.66904 0.05811 
1.74581 0.057385 
1.82611 0.05628 
1.91011 0.05458 
1.99796 0.054725 
2.08986 0.053045 
2.18599 0.05359 
2.28654 0.05175 
2.39171 0.05194 
2.50172 0.04986 
2.61679 0.05045 
2.73715 0.050635 
2.86305 0.049705 
2.99474 0.04968 
3.13248 0.04954 
3.27657 0.04943 
3.42727 0.04985 
3.58492 0.05125 
3.74981 0.04944 
3.92229 0.05109 
4.10269 0.050425 
4.2914 0.05059 
4.48879 0.0531 
4.69526 0.052005 
4.91122 0.054215 
5.13712 0.057185 
5.37341 0.056865 
5.62057 0.05966 
5.87909 0.06123 
6.14951 0.064055 
6.43236 0.06649 
6.72822 0.069265 
7.0377 0.07368
7.4 0.0654 
7.47101 0.065935 
7.5427 0.066715 
7.61508 0.067215 
7.68816 0.06713 
7.76194 0.068735 
7.83642 0.06898 
7.91162 0.07191 
7.98754 0.07198 
8.06419 0.07248 
8.14157 0.073755 
8.2197 0.074855 
8.29858 0.076315 
8.37821 0.07671 
8.45861 0.078415 
8.53978 0.079115 
8.62173 0.080775 
8.70446 0.081 
8.78799 0.082105 
8.87232 0.0842 
8.95746 0.085355 
9.04341 0.08715 
9.1302 0.08889 
9.21781 0.090095 
9.30626 0.091175 
9.39557 0.091695 
9.48573 0.095595 
9.57676 0.096875 
9.66865 0.09822 
9.76144 0.10033 
9.85511 0.10426 
9.94968 0.105135 
10.0452 0.106815 
10.1416 0.10835 
10.2389 0.110935 
10.3371 0.11463 
10.4363 0.11623 
10.5365 0.118245 
10.6376 0.121625 
10.7396 0.12531 
10.8427 0.126255 
10.9468 0.13054 
11.0518 0.13371 
11.1579 0.138545 
11.2649 0.14284 
11.373 0.14699 
11.4822 0.14946 
11.5923 0.157215 
11.7036 0.16085 
11.8159 0.16787 
11.9293 0.177005 
12.0438 0.18327 
12.1593 0.19319 
12.276 0.206405 
12.3938 0.222765 
12.5128 0.24125 
12.6328 0.264025 
12.754 0.290215 
12.8764 0.32083 
13.0 0.361375 
