1439.0
1439.0
1439.0
1439.0
1439.0
1440.0
1439.0
1439.0
1439.0
1439.0
1439.0
1439.0
1440.0
1439.0
1440.0
1439.0
1440.0
1439.0
1439.0
1440.0
1439.0
1440.0
1439.0
1440.0
1440.0
1439.0
1439.0
1439.0
1439.0
1439.0
1439.0
1440.0
1440.0
1439.0
1438.0
1439.0
1440.0
1440.0
1439.0
1440.0
1440.0
1439.0
1440.0
1439.0
1439.0
1439.0
1439.0
1439.0
1439.0
1439.0
1440.0
1439.0
1439.0
1439.0
1439.0
1439.0
1439.0
1439.0
1439.0
1439.0
1439.0
1439.0
1440.0
1440.0
1439.0
1439.0
1439.0
1440.0
1439.0
1440.0
1440.0
1439.0
1438.0
1439.0
1439.0
1439.0
1439.0
1439.0
1439.0
1439.0
1439.0
1439.0
1439.0
1439.0
1439.0
1439.0
1439.0
1439.0
1440.0
1439.0
1439.0
1439.0
1439.0
1439.0
1439.0
1439.0
1439.0
1440.0
1439.0
1439.0
1439.0
1439.0
1439.0
1440.0
1439.0
1439.0
1439.0
1439.0
1439.0
1439.0
1439.0
1439.0
1439.0
1438.0
1438.0
1440.0
1438.0
1440.0
1438.0
1438.0
1440.0
1439.0
1439.0
1439.0
1438.0
1438.0
1437.0
1437.0
1436.0
1436.0
1435.0
1434.0
1434.0
1433.0
1431.0
1430.0
1428.0
1426.0
1422.0
1420.0
1415.0
1409.0
1404.0
1397.0
1389.0
1376.0
1363.0
1346.0
1326.0
1300.0
1267.0
1224.0
1168.0
1090.0
960.7
819.8
696.9
589.5
496.6
416.0
346.5
287.5
237.3
194.9
159.3
129.4
104.5
84.01
67.06
53.23
41.94
32.84
25.53
19.69
15.08
11.45
8.616
6.434
4.753
3.476
2.513
1.798
1.27
0.8852
0.6081
0.411
0.2732
0.1782
0.1138
0.07111
0.04322
0.0256
0.01469
0.008135
0.004336
0.002209
0.001072
0.0004925
0.0001917
0.0001588
0.000131
0.0001078
8.831e-05
7.21e-05
5.863e-05
4.758e-05
3.842e-05
3.093e-05
2.475e-05
1.976e-05
1.571e-05
1.242e-05
9.793e-06
7.676e-06
5.987e-06
4.645e-06
3.59e-06
2.759e-06
2.109e-06
1.603e-06
1.212e-06
9.105e-07
6.793e-07
5.041e-07
3.713e-07
2.717e-07
1.973e-07
1.422e-07
1.016e-07
7.216e-08
5.074e-08
3.538e-08
2.443e-08
1.67e-08
1.13e-08
7.563e-09
5.009e-09
3.277e-09
2.119e-09
1.352e-09
8.509e-10
5.282e-10
3.225e-10
1.937e-10
1.143e-10
6.615e-11
3.745e-11
2.066e-11
1.106e-11
5.74e-12
2.856e-12
1.355e-12
6.051e-13
2.509e-13
9.522e-14
3.214e-14
9.309e-15
2.198e-15