1.000000000000000021e-03
1.045996193644138693e-03
1.094108037118026854e-03
1.144432842260916308e-03
1.197072396886261682e-03
1.252133170659495542e-03
1.309726530445399400e-03
1.369968965560631937e-03
1.432982323387019599e-03
1.498894055822156974e-03
1.567837477065801453e-03
1.639952033263458253e-03
1.715383584552543535e-03
1.794284700081599402e-03
1.876814966599268594e-03
1.963141311237186475e-03
2.053438339139660677e-03
2.147888686623027673e-03
2.246683390578995115e-03
2.350022274869135053e-03
2.458114354492058062e-03
2.571178258340709420e-03
2.689442671404950955e-03
2.813146797313701049e-03
2.942540842152333979e-03
3.077886520533756453e-03
3.219457584946915779e-03
3.367540379453221912e-03
3.522434418851009500e-03
3.684452994479260179e-03
3.853923807886055781e-03
4.031189633643340181e-03
4.216609012648643920e-03
4.410556977316052243e-03
4.613425810123189010e-03
4.825625837048483531e-03
5.047586257503525187e-03
5.279756012439152171e-03
5.522604692381109445e-03
5.776623487231901354e-03
6.042326179759900315e-03
6.320250184785186631e-03
6.610957636163971099e-03
6.915036523770167268e-03
7.233101882773792894e-03
7.565797037621642754e-03
7.913794903236339925e-03
8.277799346065596933e-03
8.658546607734556727e-03
9.056806794180716561e-03
9.473385433283404780e-03
9.909125104138273923e-03
1.036490714127221574e-02
1.084165341724569083e-02
1.134032820724795859e-02
1.186194013945662470e-02
1.240754423510625516e-02
1.297824404239242106e-02
1.357519386852719390e-02
1.419960111446069879e-02
1.485272871699096393e-02
1.553589770320154377e-02
1.625048986239353149e-02
1.699795054091629912e-02
1.777979156554978374e-02
1.859759430135123764e-02
1.945301285015132303e-02
2.034777739616880354e-02
2.128369770551081716e-02
2.226266678663680817e-02
2.328666471918989372e-02
2.435776265893988685e-02
2.547812702693846160e-02
2.665002389135949154e-02
2.787582355088738875e-02
2.915800532892383681e-02
3.049916258830985549e-02
3.190200797670583038e-02
3.336937891323925320e-02
3.490424332751725089e-02
3.650970566261187156e-02
3.818901315415988706e-02
3.994556239827718597e-02
4.178290622157238010e-02
4.370476086715471831e-02
4.571501351117115280e-02
4.781773012507540416e-02
5.001716369953154023e-02
5.231776284658579135e-02
5.472418079750548253e-02
5.724128481448441386e-02
5.987416603525074627e-02
6.262814977048945797e-02
6.550880627490701658e-02
6.852196201372402762e-02
7.167371144738360345e-02
7.497042935831159383e-02
7.841878374466068613e-02
8.202574930711795109e-02
8.579862155605373630e-02
8.974503156754617961e-02
9.387296141812638550e-02
9.819076032946330579e-02
1.027071615556425788e-01
1.074313000471957685e-01
1.123727309276081748e-01
1.175414488196751539e-01
1.229479080607974589e-01
1.286030438481036708e-01
1.345182943561667177e-01
1.407056238720522656e-01
1.471775469944905379e-01
1.539471539461184646e-01
1.610281370499881959e-01
1.684348184238943780e-01
1.761821789485351897e-01
1.842858885680983827e-01
1.927623379845588292e-01
2.016286718097935193e-01
2.109028232425672889e-01
2.206035503405280318e-01
2.307504739605754918e-01
2.413641174443429682e-01
2.524659481290596474e-01
2.640784207677549511e-01
2.762250229466270413e-01
2.889303225914367501e-01
3.022200176590160159e-01
3.161209881143952072e-01
3.306613502986814335e-01
3.458705137976519906e-01
3.617792409260866537e-01
3.784197089481525222e-01
3.958255751596903571e-01
4.140320449640381706e-01
4.330759430790828701e-01
4.529957880195664144e-01
4.738318700052936983e-01
4.956263324528216718e-01
5.184232572154559016e-01
5.422687537439632166e-01
5.672110523483364641e-01
5.933006017492462592e-01
6.205901711164888424e-01
6.491349568008121240e-01
6.789926939750019486e-01
7.102237734100317335e-01
7.428913636224705463e-01
7.770615386402081048e-01
8.128034116449155411e-01
8.501892747615509283e-01
8.892947452776532868e-01
9.301989185881593958e-01
9.729845281751089425e-01
1.017738112945802298e+00
1.064550192267877948e+00
1.113515449055336504e+00
1.164732921275825950e+00
1.218306202266532523e+00
1.274343650263839223e+00
1.332958607570553733e+00
1.394269629803990496e+00
1.458400725688596911e+00
1.525481607878122148e+00
1.595647955314656530e+00
1.669041687655183681e+00
1.745811252320711882e+00
1.826111924748571980e+00
1.910106122455178523e+00
1.997963733544482201e+00
2.089862460326560534e+00
2.185988178741357757e+00
2.286535314314543488e+00
2.391707235405917231e+00
2.501716664545736268e+00
2.616786108690951185e+00
2.737148309271592694e+00
2.863046712937576288e+00
2.994735963958068403e+00
3.132482419269350338e+00
3.276564687212923932e+00
3.427274191053516716e+00
3.584915758416773901e+00
3.749808237838836877e+00
3.922285143674859587e+00
4.102695330670857565e+00
4.291403699563297813e+00
4.488791935133585653e+00
4.695259278210238918e+00
4.911223333180236850e+00
5.137120912642807902e+00
5.373408920914082287e+00
5.620565278169589618e+00
5.879089887093796207e+00
6.149505643991860282e+00
6.432359496408634136e+00
6.728223549394162006e+00
7.037696222653151423e+00
7.400000000000000355e+00
7.471010977189208369e+00
7.542703381254275641e+00
7.615083751220654840e+00
7.688158688862794854e+00
7.761934859306286683e+00
7.836418991635788700e+00
7.911617879508777484e+00
7.987538381775199703e+00
8.064187423103058805e+00
8.141571994610012908e+00
8.219699154501032723e+00
8.298576028712171038e+00
8.378209811560520137e+00
8.458607766400399797e+00
8.539777226285847789e+00
8.621725594639455537e+00
8.704460345927637732e+00
8.787989026342371446e+00
8.872319254489479334e+00
8.957458722083522673e+00
9.043415194649352173e+00
9.130196512230403627e+00
9.217810590103777457e+00
9.306265419502196323e+00
9.395569068342869201e+00
9.485729681963372073e+00
9.576755483864571872e+00
9.668654776460696709e+00
9.761435941836587915e+00
9.855107442512215599e+00
9.949677822214573197e+00
1.004515570665689950e+01
1.014154980432547681e+01
1.023886890727387566e+01
1.033712189192491948e+01
1.043631771988026102e+01
1.053646543873779429e+01
1.063757418291685752e+01
1.073965317449140144e+01
1.084271172403110306e+01
1.094675923145060992e+01
1.105180518686686142e+01
1.115785917146472350e+01
1.126493085837083896e+01
1.137303001353594567e+01
1.148216649662558808e+01
1.159235026191944939e+01
1.170359135921924043e+01
1.181589993476536726e+01
1.192928623216233497e+01
1.204376059331309534e+01
1.215933345936228527e+01
1.227601537164860446e+01
1.239381697266623661e+01
1.251274900703559290e+01
1.263282232248327652e+01
1.275404787083154545e+01
1.287643670899718096e+01
1.300000000000000000e+01