1.000000000000000021e-03 0.017502
1.045996193644138693e-03 0.017568
1.094108037118026854e-03 0.017312
1.144432842260916308e-03 0.016972
1.197072396886261682e-03 0.017284
1.252133170659495542e-03 0.017090
1.309726530445399400e-03 0.017965
1.369968965560631937e-03 0.017312
1.432982323387019599e-03 0.017260
1.498894055822156974e-03 0.017095
1.567837477065801453e-03 0.017951
1.639952033263458253e-03 0.017194
1.715383584552543535e-03 0.017412
1.794284700081599402e-03 0.016830
1.876814966599268594e-03 0.017227
1.963141311237186475e-03 0.017492
2.053438339139660677e-03 0.017738
2.147888686623027673e-03 0.017729
2.246683390578995115e-03 0.017833
2.350022274869135053e-03 0.017346
2.458114354492058062e-03 0.018045
2.571178258340709420e-03 0.017634
2.689442671404950955e-03 0.017435
2.813146797313701049e-03 0.017795
2.942540842152333979e-03 0.017719
3.077886520533756453e-03 0.016887
3.219457584946915779e-03 0.017776
3.367540379453221912e-03 0.017748
3.522434418851009500e-03 0.017710
3.684452994479260179e-03 0.017558
3.853923807886055781e-03 0.017412
4.031189633643340181e-03 0.017374
4.216609012648643920e-03 0.017724
4.410556977316052243e-03 0.017984
4.613425810123189010e-03 0.017483
4.825625837048483531e-03 0.017223
5.047586257503525187e-03 0.017497
5.279756012439152171e-03 0.017979
5.522604692381109445e-03 0.017431
5.776623487231901354e-03 0.017033
6.042326179759900315e-03 0.017776
6.320250184785186631e-03 0.017804
6.610957636163971099e-03 0.017312
6.915036523770167268e-03 0.017762
7.233101882773792894e-03 0.017800
7.565797037621642754e-03 0.017256
7.913794903236339925e-03 0.017913
8.277799346065596933e-03 0.017634
8.658546607734556727e-03 0.017582
9.056806794180716561e-03 0.018187
9.473385433283404780e-03 0.017573
9.909125104138273923e-03 0.017530
1.036490714127221574e-02 0.017435
1.084165341724569083e-02 0.017133
1.134032820724795859e-02 0.017625
1.186194013945662470e-02 0.017672
1.240754423510625516e-02 0.017577
1.297824404239242106e-02 0.018093
1.357519386852719390e-02 0.017918
1.419960111446069879e-02 0.017336
1.485272871699096393e-02 0.017686
1.553589770320154377e-02 0.018272
1.625048986239353149e-02 0.017993
1.699795054091629912e-02 0.018159
1.777979156554978374e-02 0.017705
1.859759430135123764e-02 0.018121
1.945301285015132303e-02 0.018045
2.034777739616880354e-02 0.018202
2.128369770551081716e-02 0.017790
2.226266678663680817e-02 0.017658
2.328666471918989372e-02 0.018471
2.435776265893988685e-02 0.018362
2.547812702693846160e-02 0.018277
2.665002389135949154e-02 0.018097
2.787582355088738875e-02 0.018551
2.915800532892383681e-02 0.018570
3.049916258830985549e-02 0.018575
3.190200797670583038e-02 0.018206
3.336937891323925320e-02 0.018419
3.490424332751725089e-02 0.019157
3.650970566261187156e-02 0.018939
3.818901315415988706e-02 0.018996
3.994556239827718597e-02 0.019913
4.178290622157238010e-02 0.019809
4.370476086715471831e-02 0.018868
4.571501351117115280e-02 0.019171
4.781773012507540416e-02 0.019828
5.001716369953154023e-02 0.019890
5.231776284658579135e-02 0.019691
5.472418079750548253e-02 0.019852
5.724128481448441386e-02 0.020202
5.987416603525074627e-02 0.020244
6.262814977048945797e-02 0.020438
6.550880627490701658e-02 0.021096
6.852196201372402762e-02 0.020575
7.167371144738360345e-02 0.021176
7.497042935831159383e-02 0.020963
7.841878374466068613e-02 0.021408
8.202574930711795109e-02 0.022155
8.579862155605373630e-02 0.022415
8.974503156754617961e-02 0.022481
9.387296141812638550e-02 0.022874
9.819076032946330579e-02 0.023356
1.027071615556425788e-01 0.023531
1.074313000471957685e-01 0.023862
1.123727309276081748e-01 0.024723
1.175414488196751539e-01 0.024463
1.229479080607974589e-01 0.025550
1.286030438481036708e-01 0.025891
1.345182943561667177e-01 0.026836
1.407056238720522656e-01 0.026524
1.471775469944905379e-01 0.027196
1.539471539461184646e-01 0.027603
1.610281370499881959e-01 0.028217
1.684348184238943780e-01 0.028633
1.761821789485351897e-01 0.029499
1.842858885680983827e-01 0.030128
1.927623379845588292e-01 0.030014
2.016286718097935193e-01 0.031485
2.109028232425672889e-01 0.031608
2.206035503405280318e-01 0.031849
2.307504739605754918e-01 0.032506
2.413641174443429682e-01 0.032856
2.524659481290596474e-01 0.033235
2.640784207677549511e-01 0.033689
