1.000000000000000021e-03 0.019599
1.045996193644138693e-03 0.019385
1.094108037118026854e-03 0.019728
1.144432842260916308e-03 0.019664
1.197072396886261682e-03 0.019479
1.252133170659495542e-03 0.019778
1.309726530445399400e-03 0.019623
1.369968965560631937e-03 0.018835
1.432982323387019599e-03 0.019705
1.498894055822156974e-03 0.019388
1.567837477065801453e-03 0.019931
1.639952033263458253e-03 0.019258
1.715383584552543535e-03 0.019731
1.794284700081599402e-03 0.019673
1.876814966599268594e-03 0.019602
1.963141311237186475e-03 0.019355
2.053438339139660677e-03 0.019884
2.147888686623027673e-03 0.019614
2.246683390578995115e-03 0.019449
2.350022274869135053e-03 0.019802
2.458114354492058062e-03 0.019200
2.571178258340709420e-03 0.019564
2.689442671404950955e-03 0.020090
2.813146797313701049e-03 0.019922
2.942540842152333979e-03 0.019446
3.077886520533756453e-03 0.019558
3.219457584946915779e-03 0.019285
3.367540379453221912e-03 0.019526
3.522434418851009500e-03 0.019872
3.684452994479260179e-03 0.019676
3.853923807886055781e-03 0.019314
4.031189633643340181e-03 0.019061
4.216609012648643920e-03 0.019749
4.410556977316052243e-03 0.019825
4.613425810123189010e-03 0.019952
4.825625837048483531e-03 0.019576
5.047586257503525187e-03 0.019975
5.279756012439152171e-03 0.019681
5.522604692381109445e-03 0.019620
5.776623487231901354e-03 0.019273
6.042326179759900315e-03 0.019493
6.320250184785186631e-03 0.019787
6.610957636163971099e-03 0.019582
6.915036523770167268e-03 0.020263
7.233101882773792894e-03 0.019731
7.565797037621642754e-03 0.020037
7.913794903236339925e-03 0.019949
8.277799346065596933e-03 0.019746
8.658546607734556727e-03 0.019711
9.056806794180716561e-03 0.020310
9.473385433283404780e-03 0.020172
9.909125104138273923e-03 0.019878
1.036490714127221574e-02 0.020375
1.084165341724569083e-02 0.020219
1.134032820724795859e-02 0.019861
1.186194013945662470e-02 0.019996
1.240754423510625516e-02 0.020207
1.297824404239242106e-02 0.019911
1.357519386852719390e-02 0.020228
1.419960111446069879e-02 0.019823
1.485272871699096393e-02 0.019596
1.553589770320154377e-02 0.020219
1.625048986239353149e-02 0.020249
1.699795054091629912e-02 0.019517
1.777979156554978374e-02 0.020237
1.859759430135123764e-02 0.020252
1.945301285015132303e-02 0.020398
2.034777739616880354e-02 0.020081
2.128369770551081716e-02 0.020393
2.226266678663680817e-02 0.020669
2.328666471918989372e-02 0.020407
2.435776265893988685e-02 0.020396
2.547812702693846160e-02 0.020813
2.665002389135949154e-02 0.020381
2.787582355088738875e-02 0.020601
2.915800532892383681e-02 0.020648
3.049916258830985549e-02 0.021321
3.190200797670583038e-02 0.021127
3.336937891323925320e-02 0.021832
3.490424332751725089e-02 0.021550
3.650970566261187156e-02 0.021327
3.818901315415988706e-02 0.021398
3.994556239827718597e-02 0.021386
4.178290622157238010e-02 0.021356
4.370476086715471831e-02 0.021921
4.571501351117115280e-02 0.021653
4.781773012507540416e-02 0.022320
5.001716369953154023e-02 0.022311
5.231776284658579135e-02 0.022341
5.472418079750548253e-02 0.022305
5.724128481448441386e-02 0.022352
5.987416603525074627e-02 0.022802
6.262814977048945797e-02 0.023252
6.550880627490701658e-02 0.023193
6.852196201372402762e-02 0.023889
7.167371144738360345e-02 0.023813
7.497042935831159383e-02 0.024336
7.841878374466068613e-02 0.024409
8.202574930711795109e-02 0.024871
8.579862155605373630e-02 0.024674
8.974503156754617961e-02 0.025805
9.387296141812638550e-02 0.025905
9.819076032946330579e-02 0.026469
1.027071615556425788e-01 0.027063
1.074313000471957685e-01 0.027462
1.123727309276081748e-01 0.027847
1.175414488196751539e-01 0.028329
1.229479080607974589e-01 0.028926
1.286030438481036708e-01 0.029531
1.345182943561667177e-01 0.030210
1.407056238720522656e-01 0.030780
1.471775469944905379e-01 0.030997
1.539471539461184646e-01 0.031755
1.610281370499881959e-01 0.032202
1.684348184238943780e-01 0.033119
1.761821789485351897e-01 0.033633
1.842858885680983827e-01 0.034294
1.927623379845588292e-01 0.034764
2.016286718097935193e-01 0.035611
2.109028232425672889e-01 0.036163
2.206035503405280318e-01 0.036592
2.307504739605754918e-01 0.037365
2.413641174443429682e-01 0.038123
2.524659481290596474e-01 0.038728
2.640784207677549511e-01 0.039195
