1.000000000000000021e-03 0.019295
1.045996193644138693e-03 0.019383
1.094108037118026854e-03 0.019481
1.144432842260916308e-03 0.019540
1.197072396886261682e-03 0.019520
1.252133170659495542e-03 0.019398
1.309726530445399400e-03 0.019602
1.369968965560631937e-03 0.019476
1.432982323387019599e-03 0.019740
1.498894055822156974e-03 0.019294
1.567837477065801453e-03 0.019398
1.639952033263458253e-03 0.019341
1.715383584552543535e-03 0.019537
1.794284700081599402e-03 0.019613
1.876814966599268594e-03 0.019795
1.963141311237186475e-03 0.019456
2.053438339139660677e-03 0.019476
2.147888686623027673e-03 0.019793
2.246683390578995115e-03 0.019478
2.350022274869135053e-03 0.019569
2.458114354492058062e-03 0.019596
2.571178258340709420e-03 0.019716
2.689442671404950955e-03 0.020002
2.813146797313701049e-03 0.019817
2.942540842152333979e-03 0.019791
3.077886520533756453e-03 0.019720
3.219457584946915779e-03 0.019664
3.367540379453221912e-03 0.019707
3.522434418851009500e-03 0.020137
3.684452994479260179e-03 0.020031
3.853923807886055781e-03 0.019885
4.031189633643340181e-03 0.020114
4.216609012648643920e-03 0.019800
4.410556977316052243e-03 0.020175
4.613425810123189010e-03 0.020389
4.825625837048483531e-03 0.019996
5.047586257503525187e-03 0.020323
5.279756012439152171e-03 0.020262
5.522604692381109445e-03 0.020518
5.776623487231901354e-03 0.020378
6.042326179759900315e-03 0.020258
6.320250184785186631e-03 0.020229
6.610957636163971099e-03 0.020705
6.915036523770167268e-03 0.020510
7.233101882773792894e-03 0.020337
7.565797037621642754e-03 0.020695
7.913794903236339925e-03 0.020566
8.277799346065596933e-03 0.021050
8.658546607734556727e-03 0.020948
9.056806794180716561e-03 0.020883
9.473385433283404780e-03 0.020983
9.909125104138273923e-03 0.021336
1.036490714127221574e-02 0.021206
1.084165341724569083e-02 0.021159
1.134032820724795859e-02 0.021604
1.186194013945662470e-02 0.021393
1.240754423510625516e-02 0.021990
1.297824404239242106e-02 0.021799
1.357519386852719390e-02 0.021970
1.419960111446069879e-02 0.021942
1.485272871699096393e-02 0.021991
1.553589770320154377e-02 0.022115
1.625048986239353149e-02 0.022109
1.699795054091629912e-02 0.022424
1.777979156554978374e-02 0.022376
1.859759430135123764e-02 0.022792
1.945301285015132303e-02 0.022564
2.034777739616880354e-02 0.022993
2.128369770551081716e-02 0.022973
2.226266678663680817e-02 0.023043
2.328666471918989372e-02 0.023230
2.435776265893988685e-02 0.023095
2.547812702693846160e-02 0.023304
2.665002389135949154e-02 0.023489
2.787582355088738875e-02 0.023557
2.915800532892383681e-02 0.023595
3.049916258830985549e-02 0.023791
3.190200797670583038e-02 0.024005
3.336937891323925320e-02 0.023957
3.490424332751725089e-02 0.024182
3.650970566261187156e-02 0.024083
3.818901315415988706e-02 0.024153
3.994556239827718597e-02 0.024168
4.178290622157238010e-02 0.024377
4.370476086715471831e-02 0.024312
4.571501351117115280e-02 0.024662
4.781773012507540416e-02 0.024531
5.001716369953154023e-02 0.024634
5.231776284658579135e-02 0.024786
5.472418079750548253e-02 0.024834
5.724128481448441386e-02 0.024846
5.987416603525074627e-02 0.024858
6.262814977048945797e-02 0.024907
6.550880627490701658e-02 0.025025
