 -0.00263219363259996  0.00963535363300810  0.01976796462653542  0.03004416941986725
  0.04011502500168285  0.05029333356279161  0.06084280252840005  0.07187813534578374
  0.08309868771312551  0.09396480449283477  0.10457697980273065  0.11508550026660329
  0.12559111369938186  0.13636563832919613  0.14733537308863889  0.15841335438772228
  0.16840969548351792  0.17805888323551775  0.18777676966745299  0.19876870342166911
  0.20962865156210025  0.21998279530604936  0.23041090685654697  0.24118018655954995
  0.25152177527471620  0.26203962849877716  0.27258258859277401  0.28321385402527871
  0.29370695561740362  0.30435444330679862  0.31495932714933511  0.32596124606628402
  0.33702912403403601  0.34868062155557189  0.36002017924255353  0.37091532752931805
  0.38128707891979302  0.39137624531358262  0.40175634324343368  0.41254636143673240
  0.42382999621867889  0.43484964549896321  0.44588434460434856  0.45663802470460035
  0.46736920605458321  0.47796490453253065  0.48911854243360336  0.50065654676097149
  0.51172775137649174  0.52233375848056529  0.53272212144490583  0.54338632358674455
  0.55436380420671250  0.56571610976721076  0.57693468601022824  0.58732687938847172
  0.59750034854162959  0.60753674603938346  0.61780784093390861  0.62833773095035295
  0.63846809566695450  0.64845483725855080  0.65824375433618743  0.66795674592948029
  0.67817850582089001  0.68834639722139623  0.69810250161348930  0.70805296690537001
  0.71793225635234315  0.72831020268635249  0.73884560260728727  0.74995657680179650
  0.76108462556950307  0.77183318105646392  0.78221138548442060  0.79223857795041341
  0.80207709146022343  0.81195503886789278  0.82241432058524444  0.83347057852734974
  0.84400426085803448  0.85445150545755855  0.86458387670751968  0.87511965421382265
  0.88578676614450924  0.89664677265852488  0.90730828101307670  0.91790889643937723
  0.92786115422393456  0.93772509528884651  0.94760603284210310  0.95818252336473864
  0.96862476438206746  0.97909836265684302  0.98948654737128872  1.00000000000000000
 -0.00205514145304334  0.00899181965232954  0.01879678594691583  0.02992513360645297
  0.04065118832385249  0.05137781619868151  0.06158390816688697  0.07212192216951813
  0.08241601613235321  0.09279855125055071  0.10319620619236196  0.11340256969055387
  0.12337261579961775  0.13364969799603860  0.14427893206800974  0.15555993037534174
  0.16757140190055042  0.17923517021638014  0.19036177121254216  0.20057833151374338
  0.21087709616638881  0.22101161607319911  0.23140908005489866  0.24202194274297109
  0.25263204034061049  0.26324812061000880  0.27378254269723384  0.28422371754502213
  0.29486605233460284  0.30565940873925007  0.31646601862751578  0.32727669255310010
  0.33800389452670121  0.34869241523315536  0.35920899348886270  0.36974063341081420
  0.38036137539580994  0.39105463849265681  0.40158523254423656  0.41194182782675642
  0.42207064542905626  0.43225876841502242  0.44299298292998390  0.45389085271493057
  0.46461933885259138  0.47513881350826426  0.48575194191282961  0.49654339709114154
  0.50703909078889120  0.51750284734089047  0.52788734694153239  0.53856328338050685
  0.54960442119373909  0.56079925824597365  0.57192333880815682  0.58317674672969388
  0.59472312438993780  0.60595664193185383  0.61644353307058830  0.62627561494335726
  0.63592843060760007  0.64573020722152685  0.65561585889360285  0.66569489404138238
  0.67602506732131307  0.68660295354771395  0.69715916273347533  0.70755299760259105
  0.71799467023678498  0.72850596483064700  0.73897870445399194  0.74989585364145361
  0.76115675261600690  0.77249638493923356  0.78328345457937554  0.79358971886411100
  0.80384487157864715  0.81405222495312801  0.82393424363608492  0.83387227799642527
  0.84399386263597231  0.85442216927303749  0.86500588813500645  0.87550459674075609
  0.88604718534956806  0.89661155648460744  0.90731727653405991  0.91833468505716442
  0.92884694858993411  0.93864487366816585  0.94803844981721996  0.95762751773284771
  0.96808155624729508  0.97876921378239157  0.98957219978314559  1.00000000000000000
  0.97775420284898751  0.97785789255139177  0.97798153850646397  0.97808685597105460
  0.97818200279235357  0.97827088847686505  0.97835834116258857  0.97844328941952474
  0.97852651024095738  0.97860892363558338  0.97869168194542133  0.97877392965229248
  0.97885511581095919  0.97893357149118165  0.97900955120060951  0.97907832329262434
  0.97917672761952224  0.97929140521242508  0.97941249213150605  0.97954714483684191
  0.97968956456736855  0.97983052249463609  0.97996741174238766  0.98010336134978338
  0.98023876089270889  0.98037408658949976  0.98051055406174659  0.98064746665068181
  0.98078606467429452  0.98092543417064970  0.98106421399210908  0.98120330550262025
  0.98134140642836853  0.98147995847205483  0.98162085396628618  0.98176583825895636
  0.98191323848523882  0.98206358018430762  0.98221582402329566  0.98236768451902989
  0.98252003081370110  0.98267545137448908  0.98283076914575207  0.98299251336197491
  0.98315555204365879  0.98332073874798498  0.98348931774718040  0.98366169213392785
  0.98383665115736829  0.98402026896394046  0.98420575780176633  0.98439472985290732
  0.98458737765898807  0.98478458165397054  0.98498585135061956  0.98518895663795825
  0.98539307252411434  0.98560022904756728  0.98581613633543397  0.98603228949476429
  0.98625234779224258  0.98648049612565547  0.98671357765026957  0.98694795368184740
  0.98717765640620292  0.98740580522473498  0.98763488531913857  0.98787264017631915
  0.98811653415665091  0.98836582032600173  0.98861272725449179  0.98886827978608549
  0.98912559950821921  0.98938846414086290  0.98965307650222056  0.98991793080319512
  0.99018598927284318  0.99045356967916121  0.99072792489930228  0.99101196773140232
  0.99130723073524329  0.99161512343029867  0.99193170590351432  0.99225641476935389
  0.99259513108192476  0.99295006628990257  0.99332523442454135  0.99372079677141079
  0.99414452323567248  0.99459579099233641  0.99507872128106611  0.99561232139324407
  0.99624562499981750  0.99700125366586545  0.99802982504101556  1.00000000000000000
 -0.00446302119237720  0.02420807060762088  0.04258058463776827  0.05713568098443403
  0.06991279559945771  0.08168283872139129  0.09264603737828279  0.10306810040867771
  0.11305627312448255  0.12280399581646237  0.13247990838316748  0.14183964377470790
  0.15091803986696392  0.15977650602180818  0.16847160288608634  0.17712043605797406
  0.18570042450424551  0.19431794844323985  0.20297873178217482  0.21149177180395914
  0.21973870236999823  0.22769547461700682  0.23553479949409803  0.24351471320583978
  0.25164470016646862  0.25997297878726155  0.26833889594674948  0.27657912526468470
  0.28500242146735860  0.29346464793914906  0.30195262732935568  0.31053648250769006
  0.31930703628751111  0.32834926710144668  0.33763218615964596  0.34706690146589497
  0.35633054848035933  0.36558013603232781  0.37489371354075846  0.38474943408649948
  0.39521784727558834  0.40596724514951249  0.41679787740116114  0.42796103261153307
  0.43963344392973597  0.45144013568526470  0.46318132687093305  0.47518210832287711
  0.48761254497545187  0.50083530740923032  0.51421362094711154  0.52821537163832777
  0.54230245691713641  0.55616838950281733  0.56974928747185638  0.58286186249117466
  0.59542312289884414  0.60789692376953297  0.62039930451325265  0.63247652516391606
  0.64439914724214564  0.65625051070918194  0.66801577043498661  0.67932528532326364
  0.69035122496453438  0.70157827485460700  0.71258071516500199  0.72321224951727980
  0.73350990133789085  0.74361816098840205  0.75331355178784620  0.76246383007049945
  0.77158884251830817  0.78074525753728863  0.78991852616688241  0.79891650228008892
  0.80781680215149365  0.81649987421896630  0.82492443527495551  0.83296199150165484
  0.84086804645641755  0.84883360571042932  0.85677360629703714  0.86471798495788887
  0.87267503978129035  0.88090692134942927  0.88943998730306995  0.89838400816753150
  0.90781068219335270  0.91711895115698228  0.92679694664750745  0.93681388714506630
  0.94784106940032564  0.96075955915760169  0.97757469938270580  1.00000000000000000
   1.2652429493827073E-021  -1.0000000000000000     
 F F F F F F F F F F F F F F F F F F F F F F F F F F F F F F F F
  <DiscreteSampler_grid>
  grouped_processes
  1 # 1 for a reference and 2 for a running grid.
  10 # Attribute 'min_bin_probing_points' of the grid.
  1 # Attribute 'grid_mode' of the grid. 1=='default',2=='initialization'
  0.0000000000000000 # Attribute 'small_contrib_threshold' of the grid.
  0.5000000000000000 # Attribute 'damping_power' of the grid.
 # binID   n_entries weight   weight_sqr   abs_weight
    10   10   1.123530651964454E+006   1.262322232872521E+012   1.123530651964454E+006
    11   10   1.123530651964454E+006   1.262322232872521E+012   1.123530651964454E+006
  </DiscreteSampler_grid>
