0.01 0.0414 
0.0103396 0.04226 
0.0106908 0.041485 
0.0110539 0.042605 
0.0114293 0.04188 
0.0118175 0.042535 
0.0122188 0.04244 
0.0126338 0.04251 
0.0130629 0.042565 
0.0135066 0.04279 
0.0139653 0.042415 
0.0144396 0.042115 
0.01493 0.042095 
0.0154371 0.042825 
0.0159613 0.041795 
0.0165034 0.04206 
0.017064 0.04266 
0.0176435 0.042295 
0.0182427 0.04226 
0.0188623 0.042065 
0.0195029 0.041935 
0.0201653 0.04205 
0.0208502 0.04247 
0.0215583 0.041795 
0.0222905 0.04219 
0.0230475 0.042685 
0.0238303 0.04202 
0.0246396 0.042185 
0.0254765 0.042135 
0.0263417 0.0413 
0.0272364 0.042795 
0.0281614 0.04248 
0.0291179 0.041795 
0.0301068 0.04245 
0.0311293 0.04234 
0.0321865 0.04176 
0.0332797 0.042255 
0.03441 0.042365 
0.0355786 0.042675 
0.036787 0.041715 
0.0380364 0.041205 
0.0393282 0.042625 
0.0406639 0.042615 
0.042045 0.042415 
0.0434729 0.04215 
0.0449494 0.04191 
0.046476 0.041765 
0.0480545 0.04204 
0.0496866 0.043155 
0.0513741 0.042285 
0.0531189 0.042395 
0.054923 0.04214 
0.0567883 0.043015 
0.058717 0.04277 
0.0607112 0.042495 
0.0627731 0.04212 
0.0649051 0.04321 
0.0671095 0.041985 
0.0693887 0.04266 
0.0717453 0.041835 
0.074182 0.043225 
0.0767015 0.042405 
0.0793065 0.042365 
0.082 0.041985 
0.0847849 0.041215 
0.0876645 0.042025 
0.0906418 0.043325 
0.0937203 0.041505 
0.0969033 0.04136 
0.100194 0.041155 
0.103597 0.04243 
0.107116 0.042405 
0.110754 0.04248 
0.114515 0.04108 
0.118405 0.041855 
0.122426 0.04175 
0.126584 0.0417 
0.130883 0.042765 
0.135328 0.04231 
0.139924 0.042365 
0.144677 0.04177 
0.14959 0.041905 
0.154671 0.041655 
0.159924 0.043595 
0.165355 0.04255 
0.170971 0.042565 
0.176778 0.041735 
0.182782 0.04188 
0.18899 0.042255 
0.195408 0.042 
0.202045 0.042085 
0.208907 0.04299 
0.216002 0.043035 
0.223338 0.04266 
0.230923 0.042275 
0.238766 0.04323 
0.246875 0.042855 
0.25526 0.042685 
0.263929 0.042415 
0.272893 0.04262 
0.282162 0.042885 
0.291745 0.04236 
0.301653 0.04228 
0.311898 0.04233 
0.322491 0.042855 
0.333444 0.04181 
0.344769 0.04261 
0.356478 0.04262 
0.368585 0.04252 
0.381103 0.042065 
0.394047 0.0425 
0.40743 0.042735 
0.421267 0.0426 
0.435575 0.04317 
0.450368 0.042855 
0.465664 0.04386 
0.481479 0.04328 
0.497832 0.043575 
0.51474 0.043875 
0.532222 0.04315 
0.550297 0.04443 
0.568987 0.04488 
0.588312 0.044945 
0.608292 0.044955 
0.628952 0.04557 
0.650313 0.04651 
0.672399 0.04669 
0.695236 0.047375 
0.718848 0.04806 
0.743263 0.04978 
0.768506 0.051135 
0.794607 0.052105 
0.821594 0.05472 
0.849498 0.058595 
0.878349 0.060795 
0.90818 0.06845 
0.939025 0.07549 
0.970917 0.09155 
1.00389 0.104065 
1.03799 0.102335 
1.07324 0.10059 
1.10969 0.100025 
1.14738 0.098515 
1.18635 0.09508 
1.22664 0.092775 
1.2683 0.092205 
1.31137 0.091965 
1.35591 0.09248 
1.40196 0.091035 
1.44958 0.08948 
1.49881 0.088585 
1.54971 0.086845 
1.60235 0.08707 
1.65677 0.08608 
1.71304 0.08574 
1.77122 0.08586 
1.83137 0.085365 
1.89357 0.086145 
1.95788 0.085695 
2.02438 0.085585 
2.09313 0.08526 
2.16422 0.085445 
2.23772 0.08525 
2.31372 0.08561 
2.3923 0.088145 
2.47355 0.089205 
2.55756 0.089505 
2.64443 0.08955 
2.73424 0.0908 
2.8271 0.092805 
2.92312 0.09483 
3.0224 0.0971 
3.12505 0.097335 
3.23118 0.10191 
3.34092 0.10225 
3.45439 0.10425 
3.57171 0.107025 
3.69302 0.10834 
3.81844 0.109345 
3.94813 0.11084 
4.08222 0.11229 
4.22086 0.113665 
4.36421 0.115435 
4.51244 0.11926 
4.66569 0.12079 
4.82415 0.125455 
4.98799 0.131825 
5.1574 0.14038 
5.33256 0.151175 
5.51367 0.16528 
5.70093 0.18148 
5.89455 0.2065 
6.09475 0.232345 
6.30175 0.272985 
6.51577 0.325275 
6.73707 0.4035 
6.96588 0.526815 
7.20246 0.72699 
7.44707 0.94858 
7.70000 0.00000
