0.01 0.042995 
0.0103396 0.04209 
0.0106908 0.042125 
0.0110539 0.04239 
0.0114293 0.041665 
0.0118175 0.04186 
0.0122188 0.043065 
0.0126338 0.042475 
0.0130629 0.041525 
0.0135066 0.042605 
0.0139653 0.0422 
0.0144396 0.04247 
0.01493 0.04149 
0.0154371 0.042005 
0.0159613 0.04224 
0.0165034 0.041965 
0.017064 0.042575 
0.0176435 0.042185 
0.0182427 0.042055 
0.0188623 0.04258 
0.0195029 0.042 
0.0201653 0.042055 
0.0208502 0.04174 
0.0215583 0.042255 
0.0222905 0.042565 
0.0230475 0.04254 
0.0238303 0.042485 
0.0246396 0.041785 
0.0254765 0.041795 
0.0263417 0.042405 
0.0272364 0.042865 
0.0281614 0.042575 
0.0291179 0.04205 
0.0301068 0.041935 
0.0311293 0.04193 
0.0321865 0.04263 
0.0332797 0.04282 
0.03441 0.042005 
0.0355786 0.04148 
0.036787 0.04222 
0.0380364 0.04194 
0.0393282 0.04271 
0.0406639 0.04185 
0.042045 0.043075 
0.0434729 0.04211 
0.0449494 0.04205 
0.046476 0.04237 
0.0480545 0.04187 
0.0496866 0.042225 
0.0513741 0.04201 
0.0531189 0.042155 
0.054923 0.04209 
0.0567883 0.042465 
0.058717 0.042035 
0.0607112 0.041955 
0.0627731 0.04279 
0.0649051 0.04196 
0.0671095 0.04233 
0.0693887 0.04111 
0.0717453 0.042295 
0.074182 0.042175 
0.0767015 0.04221 
0.0793065 0.042065 
0.082 0.042105 
0.0847849 0.0423 
0.0876645 0.04232 
0.0906418 0.04247 
0.0937203 0.041495 
0.0969033 0.042105 
0.100194 0.04258 
0.103597 0.041805 
0.107116 0.04209 
0.110754 0.04234 
0.114515 0.04273 
0.118405 0.04163 
0.122426 0.042285 
0.126584 0.043415 
0.130883 0.042215 
0.135328 0.04283 
0.139924 0.042355 
0.144677 0.0416 
0.14959 0.042415 
0.154671 0.04268 
0.159924 0.04217 
0.165355 0.04216 
0.170971 0.042875 
0.176778 0.042505 
0.182782 0.04207 
0.18899 0.042295 
0.195408 0.04181 
0.202045 0.042115 
0.208907 0.041265 
0.216002 0.04229 
0.223338 0.04137 
0.230923 0.0425 
0.238766 0.042095 
0.246875 0.04172 
0.25526 0.042465 
0.263929 0.04269 
0.272893 0.042975 
0.282162 0.042175 
0.291745 0.042625 
0.301653 0.04167 
0.311898 0.04219 
0.322491 0.042635 
0.333444 0.04215 
0.344769 0.042595 
0.356478 0.043575 
0.368585 0.042715 
0.381103 0.042685 
0.394047 0.042215 
0.40743 0.042385 
0.421267 0.043315 
0.435575 0.043355 
0.450368 0.043025 
0.465664 0.043395 
0.481479 0.043435 
0.497832 0.04312 
0.51474 0.04365 
0.532222 0.04389 
0.550297 0.04355 
0.568987 0.045185 
0.588312 0.04512 
0.608292 0.045865 
0.628952 0.04625 
0.650313 0.0462 
0.672399 0.04742 
0.695236 0.047955 
0.718848 0.0487 
0.743263 0.048995 
0.768506 0.050175 
0.794607 0.051815 
0.821594 0.054175 
0.849498 0.057315 
0.878349 0.061165 
0.90818 0.06601 
0.939025 0.073 
0.970917 0.082045 
1.00389 0.09197 
1.03799 0.088355 
1.07324 0.08712 
1.10969 0.08649 
1.14738 0.08297 
1.18635 0.08121 
1.22664 0.07994 
1.2683 0.07841 
1.31137 0.077025 
1.35591 0.074665 
1.40196 0.07356 
1.44958 0.07124 
1.49881 0.06869 
1.54971 0.068725 
1.60235 0.066625 
1.65677 0.0661 
1.71304 0.06373 
1.77122 0.06254 
1.83137 0.06051 
1.89357 0.05972 
1.95788 0.059055 
2.02438 0.058875 
2.09313 0.05765 
2.16422 0.056115 
2.23772 0.05644 
2.31372 0.054125 
2.3923 0.052565 
2.47355 0.05296 
2.55756 0.051255 
2.64443 0.05033 
2.73424 0.050345 
2.8271 0.04935 
2.92312 0.04878 
3.0224 0.048165 
3.12505 0.04842 
3.23118 0.04829 
3.34092 0.047555 
3.45439 0.04772 
3.57171 0.048285 
3.69302 0.047035 
3.81844 0.047535 
3.94813 0.048225 
4.08222 0.048685 
4.22086 0.04818 
4.36421 0.049215 
4.51244 0.05 
4.66569 0.04951 
4.82415 0.050325 
4.98799 0.05109 
5.1574 0.052215 
5.33256 0.05405 
5.51367 0.05416 
5.70093 0.05579 
5.89455 0.056565 
6.09475 0.05709 
6.30175 0.05792 
6.51577 0.058705 
6.73707 0.059175 
6.96588 0.059745 
7.20246 0.0618 
7.44707 0.062955 
7.7 0.063705 
7.7 0.06165 
7.79452 0.064545 
7.8902 0.065975 
7.98706 0.064625 
8.0851 0.06514 
8.18435 0.06541 
8.28482 0.06573 
8.38652 0.06722 
8.48947 0.068065 
8.59368 0.06792 
8.69917 0.06976 
8.80596 0.07024 
8.91406 0.07023 
9.02348 0.073515 
9.13425 0.074925 
9.24638 0.075515 
9.35988 0.0796 
9.47478 0.0816 
9.59108 0.08245 
9.70882 0.083845 
9.828 0.087445 
9.94864 0.09172 
10.0708 0.093495 
10.1944 0.09788 
10.3195 0.100465 
10.4462 0.104265 
10.5744 0.109845 
10.7043 0.116705 
10.8356 0.12317 
10.9687 0.12772 
11.1033 0.134725 
11.2396 0.141125 
11.3776 0.151585 
11.5172 0.16203 
11.6586 0.172655 
11.8017 0.186895 
11.9466 0.20029 
12.0933 0.21926 
12.2417 0.23674 
12.392 0.264395 
12.5441 0.294955 
12.6981 0.33429 
12.854 0.383705 
13.0117 0.44867 
13.1715 0.534395 
13.3332 0.624615 
13.4968 0.76243 
13.6625 0.99871 
