0.01 0.011765 
0.0103396 0.011895 
0.0106908 0.011945 
0.0110539 0.01177 
0.0114293 0.012025 
0.0118175 0.011915 
0.0122188 0.012085 
0.0126338 0.012155 
0.0130629 0.01187 
0.0135066 0.01201 
0.0139653 0.012355 
0.0144396 0.0121 
0.01493 0.01217 
0.0154371 0.01221 
0.0159613 0.01147 
0.0165034 0.0118 
0.017064 0.01234 
0.0176435 0.01158 
0.0182427 0.011875 
0.0188623 0.011945 
0.0195029 0.01206 
0.0201653 0.012345 
0.0208502 0.011675 
0.0215583 0.01208 
0.0222905 0.012 
0.0230475 0.01198 
0.0238303 0.01222 
0.0246396 0.01207 
0.0254765 0.012155 
0.0263417 0.011615 
0.0272364 0.012335 
0.0281614 0.012255 
0.0291179 0.01216 
0.0301068 0.011805 
0.0311293 0.012005 
0.0321865 0.01162 
0.0332797 0.01182 
0.03441 0.012465 
0.0355786 0.012225 
0.036787 0.011675 
0.0380364 0.01181 
0.0393282 0.012075 
0.0406639 0.012015 
0.042045 0.0121 
0.0434729 0.01184 
0.0449494 0.012345 
0.046476 0.011995 
0.0480545 0.011855 
0.0496866 0.01274 
0.0513741 0.0124 
0.0531189 0.01203 
0.054923 0.01193 
0.0567883 0.01215 
0.058717 0.01233 
0.0607112 0.0119 
0.0627731 0.012155 
0.0649051 0.012105 
0.0671095 0.011935 
0.0693887 0.011825 
0.0717453 0.01237 
0.074182 0.012215 
0.0767015 0.01226 
0.0793065 0.01258 
0.082 0.012075 
0.0847849 0.011505 
0.0876645 0.01175 
0.0906418 0.012035 
0.0937203 0.012365 
0.0969033 0.011935 
0.100194 0.0118 
0.103597 0.011835 
0.107116 0.011935 
0.110754 0.012365 
0.114515 0.011225 
0.118405 0.01159 
0.122426 0.011905 
0.126584 0.01192 
0.130883 0.0121 
0.135328 0.01178 
0.139924 0.01182 
0.144677 0.01191 
0.14959 0.0119 
0.154671 0.011895 
0.159924 0.01212 
0.165355 0.01197 
0.170971 0.012335 
0.176778 0.01178 
0.182782 0.011695 
0.18899 0.011915 
0.195408 0.011915 
0.202045 0.01193 
0.208907 0.01212 
0.216002 0.012365 
0.223338 0.012355 
0.230923 0.01172 
0.238766 0.012165 
0.246875 0.01196 
0.25526 0.0118 
0.263929 0.011775 
0.272893 0.012055 
0.282162 0.012035 
0.291745 0.011855 
0.301653 0.0119 
0.311898 0.011985 
0.322491 0.01217 
0.333444 0.011745 
0.344769 0.012195 
0.356478 0.011965 
0.368585 0.011935 
0.381103 0.011805 
0.394047 0.012165 
0.40743 0.011795 
0.421267 0.012025 
0.435575 0.01232 
0.450368 0.012045 
0.465664 0.01206 
0.481479 0.012195 
0.497832 0.012415 
0.51474 0.012015 
0.532222 0.01207 
0.550297 0.01255 
0.568987 0.012435 
0.588312 0.012675 
0.608292 0.01283 
0.628952 0.012715 
0.650313 0.013275 
0.672399 0.013385 
0.695236 0.013285 
0.718848 0.01326 
0.743263 0.014005 
0.768506 0.014405 
0.794607 0.013965 
0.821594 0.01519 
0.849498 0.016105 
0.878349 0.01619 
0.90818 0.0177 
0.939025 0.01986 
0.970917 0.025215 
1.00389 0.03182 
1.03799 0.03048 
1.07324 0.030515 
1.10969 0.03027 
1.14738 0.02952 
1.18635 0.0278 
1.22664 0.027465 
1.2683 0.02698 
1.31137 0.02642 
1.35591 0.026265 
1.40196 0.02642 
1.44958 0.0252 
1.49881 0.0247 
1.54971 0.02455 
1.60235 0.024045 
1.65677 0.023515 
1.71304 0.023865 
1.77122 0.023395 
1.83137 0.02358 
1.89357 0.023525 
1.95788 0.02342 
2.02438 0.023165 
2.09313 0.023115 
2.16422 0.022825 
2.23772 0.022235 
2.31372 0.0231 
2.3923 0.024095 
2.47355 0.023735 
2.55756 0.02405 
2.64443 0.024385 
2.73424 0.024035 
2.8271 0.024605 
2.92312 0.024855 
3.0224 0.025995 
3.12505 0.0263 
3.23118 0.027385 
3.34092 0.027065 
3.45439 0.027765 
3.57171 0.02882 
3.69302 0.029155 
3.81844 0.029095 
3.94813 0.029665 
4.08222 0.03027 
4.22086 0.030515 
4.36421 0.03109 
4.51244 0.031875 
4.66569 0.03208 
4.82415 0.03259 
4.98799 0.034625 
5.1574 0.0372 
5.33256 0.040175 
5.51367 0.04398 
5.70093 0.04891 
5.89455 0.055355 
6.09475 0.064095 
6.30175 0.07674 
6.51577 0.09387 
6.73707 0.122335 
6.96588 0.169165 
7.20246 0.27237 
7.44707 0.52713 
7.70000 0.00000