1.000000000000000021e-02
1.033962953709855956e-02
1.069079389644409135e-02
1.105388483467063115e-02
1.142930741362462206e-02
1.181748045224926755e-02
1.221883699381613037e-02
1.263382478902538332e-02
1.306290679551347540e-02
1.350656169432566146e-02
1.396528442392935658e-02
1.443958673236423428e-02
1.492999774814496999e-02
1.543706457055346246e-02
1.596135287997922647e-02
1.650344756898862800e-02
1.706395339482722276e-02
1.764349565408286982e-02
1.824272088026253000e-02
1.886229756506070665e-02
1.950291690412438161e-02
2.016529356814632246e-02
2.085016650014692025e-02
2.155829973983420036e-02
2.229048327596137510e-02
2.304753392763317019e-02
2.383029625554369466e-02
2.463964350416287738e-02
2.547647857592211587e-02
2.634173503848627820e-02
2.723637816623567659e-02
2.816140601711965633e-02
2.911785054608354711e-02
3.010677875631067105e-02
3.112929388956412260e-02
3.218653665695587335e-02
3.327968651151664431e-02
3.440996296398580317e-02
3.557862694328949027e-02
3.678698220322464130e-02
3.803637677691805441e-02
3.932820448068315849e-02
4.066390646895234884e-02
4.204497284201926671e-02
4.347294430838489349e-02
4.494941390356171212e-02
4.647602876725353410e-02
4.805449198089366963e-02
4.968656446759137785e-02
5.137406695660595712e-02
5.311888201454020159e-02
5.492295614551932770e-02
5.678830196269801789e-02
5.871700043351842091e-02
6.071120320122359859e-02
6.277313498521640278e-02
6.490509606294181388e-02
6.710946483606122781e-02
6.938870048378156796e-02
7.174534570629929886e-02
7.418202956141996263e-02
7.670147039751758211e-02
7.930647888610631302e-02
8.199996115740680602e-02
8.478492204240579977e-02
8.766446842502571835e-02
9.064181270814394842e-02
9.372027639732807835e-02
9.690329380628542877e-02
1.001944158881608177e-01
1.035973141969564748e-01
1.071157849834930426e-01
1.107537534304822990e-01
1.145152780314345059e-01
1.184045551182873884e-01
1.224259235428058618e-01
1.265838695169764772e-01
1.308830316177959918e-01
1.353282059620367350e-01
1.399243515567632212e-01
1.446765958315671119e-01
1.495902403586941432e-01
1.546707667674426245e-01
1.599238428594332018e-01
1.653553289315704000e-01
1.709712843137512206e-01
1.767779741286137629e-01
1.827818762808658959e-01
1.889896886839935453e-01
1.954083367324080112e-01
2.020449810273707014e-01
2.089070253653119158e-01
2.160021249974576896e-01
2.233381951699768553e-01
2.309234199541774224e-01
2.387662613766027564e-01
2.468754688592115498e-01
2.552600889801759365e-01
2.639294755661831804e-01
2.728933001275040127e-01
2.821615626474641148e-01
2.917446027383605589e-01
3.016531111762638107e-01
3.118981418275770801e-01
3.224911239806571572e-01
3.334438750962514519e-01
3.447686139909804104e-01
3.564779744685670493e-01
3.685850194140262159e-01
3.811032553665309464e-01
3.940466475872198004e-01
4.074296356387484552e-01
4.212671494939705386e-01
4.355746261917171624e-01
4.503680270582540168e-01
4.656638555136326518e-01
4.814791754827949521e-01
4.978316304319767016e-01
5.147394630516397562e-01
5.322215356078986437e-01
5.502973509851381007e-01
5.689870744433024319e-01
5.883115561141266658e-01
6.082923542614037116e-01
6.289517593312430321e-01
6.503128188191421577e-01
6.723993629816225059e-01
6.952360314211036840e-01
7.188483005736825415e-01
7.432625121304751170e-01
7.685059024242332226e-01
7.946066328140184432e-01
8.215938211018249948e-01
8.494975740162099553e-01
8.783490207991568877e-01
9.081803479336559848e-01
9.390248350507270914e-01
9.709168920559599902e-01
1.003892097516973170e+00
1.037987238354632247e+00
1.073240350882291860e+00
1.109690763238856626e+00
1.147379139262991510e+00
1.186347523857434583e+00
1.226639389894006893e+00
1.268299686711662932e+00
1.311374890261674642e+00
1.355913054955899089e+00
1.401963867275955788e+00
1.449578701203139586e+00
1.498810675530894754e+00
1.549714713123786947e+00
1.602347602189092557e+00
1.656768059629339485e+00
1.713036796546498319e+00
1.771216585970885271e+00
1.831372332890343291e+00
1.893571146657808901e+00
1.957882415858066771e+00
2.024377885717195014e+00
2.093131738141062126e+00
2.164220674472177031e+00
2.237724001057189049e+00
2.313723717720527873e+00
2.392304609242863478e+00
2.473554339946453684e+00
2.557563551492868292e+00
2.644425964002234952e+00
2.734238480606784094e+00
2.827101295555336069e+00
2.923118005989355783e+00
3.022395727515218233e+00
3.125045213701683977e+00
3.231180979635837947e+00
3.340921429675376420e+00
3.454388989539706856e+00
3.571710242887280007e+00
3.693016072531478677e+00
3.818441806452615328e+00
3.948127368768944212e+00
4.082217435835058694e+00
4.220861597641891727e+00
4.364214524698307507e+00
4.512436140580516231e+00
4.665691800341733142e+00
4.824152474981193706e+00
4.987994942178267443e+00
5.157401983504457554e+00
5.332562588333338738e+00
5.513672164675813114e+00
5.700932757176018661e+00
5.894553272510982822e+00
6.094749712445553413e+00
6.301745414802499390e+00
6.515771302616733429e+00
6.737066141751512305e+00
6.965876807264050008e+00
7.202458558817717460e+00
7.447075325447999106e+00
7.700000000000000178e+00