1.000000000000000021e-02 0.175314
1.033962953709855956e-02 0.175322
1.069079389644409135e-02 0.175322
1.105388483467063115e-02 0.175322
1.142930741362462206e-02 0.175330
1.181748045224926755e-02 0.175330
1.221883699381613037e-02 0.175338
1.263382478902538332e-02 0.175346
1.306290679551347540e-02 0.175346
1.350656169432566146e-02 0.175346
1.396528442392935658e-02 0.175346
1.443958673236423428e-02 0.175338
1.492999774814496999e-02 0.175354
1.543706457055346246e-02 0.175354
1.596135287997922647e-02 0.175387
1.650344756898862800e-02 0.175379
1.706395339482722276e-02 0.175387
1.764349565408286982e-02 0.175387
1.824272088026253000e-02 0.175419
1.886229756506070665e-02 0.175428
1.950291690412438161e-02 0.175452
2.016529356814632246e-02 0.175476
2.085016650014692025e-02 0.175493
2.155829973983420036e-02 0.175517
2.229048327596137510e-02 0.175533
2.304753392763317019e-02 0.175541
2.383029625554369466e-02 0.175574
2.463964350416287738e-02 0.175582
2.547647857592211587e-02 0.175606
2.634173503848627820e-02 0.175631
2.723637816623567659e-02 0.175655
2.816140601711965633e-02 0.175680
2.911785054608354711e-02 0.175696
3.010677875631067105e-02 0.175720
3.112929388956412260e-02 0.175728
3.218653665695587335e-02 0.175737
3.327968651151664431e-02 0.175761
3.440996296398580317e-02 0.175810
3.557862694328949027e-02 0.175834
3.678698220322464130e-02 0.175899
3.803637677691805441e-02 0.175932
3.932820448068315849e-02 0.175964
4.066390646895234884e-02 0.176037
4.204497284201926671e-02 0.176110
4.347294430838489349e-02 0.176159
4.494941390356171212e-02 0.176224
4.647602876725353410e-02 0.176330
4.805449198089366963e-02 0.176484
4.968656446759137785e-02 0.176541
5.137406695660595712e-02 0.176712
5.311888201454020159e-02 0.176850
5.492295614551932770e-02 0.176964
5.678830196269801789e-02 0.177062
5.871700043351842091e-02 0.177192
6.071120320122359859e-02 0.177338
6.277313498521640278e-02 0.177501
6.490509606294181388e-02 0.177728
6.710946483606122781e-02 0.177932
6.938870048378156796e-02 0.178151
7.174534570629929886e-02 0.178330
7.418202956141996263e-02 0.178582
7.670147039751758211e-02 0.178948
7.930647888610631302e-02 0.179281
8.199996115740680602e-02 0.179533
8.478492204240579977e-02 0.179826
8.766446842502571835e-02 0.180126
9.064181270814394842e-02 0.180468
9.372027639732807835e-02 0.180874
9.690329380628542877e-02 0.181362
1.001944158881608177e-01 0.181939
1.035973141969564748e-01 0.182484
1.071157849834930426e-01 0.183167
1.107537534304822990e-01 0.183939
1.145152780314345059e-01 0.184720
1.184045551182873884e-01 0.185451
1.224259235428058618e-01 0.186370
1.265838695169764772e-01 0.187394
1.308830316177959918e-01 0.188199
1.353282059620367350e-01 0.189232
1.399243515567632212e-01 0.190427
1.446765958315671119e-01 0.191931
1.495902403586941432e-01 0.193321
1.546707667674426245e-01 0.194874
1.599238428594332018e-01 0.196402
1.653553289315704000e-01 0.198158
1.709712843137512206e-01 0.200231
1.767779741286137629e-01 0.202345
1.827818762808658959e-01 0.204426
1.889896886839935453e-01 0.206629
1.954083367324080112e-01 0.209173
2.020449810273707014e-01 0.211661
2.089070253653119158e-01 0.214368
2.160021249974576896e-01 0.217774
2.233381951699768553e-01 0.221132
2.309234199541774224e-01 0.224579
2.387662613766027564e-01 0.228570
2.468754688592115498e-01 0.232977
2.552600889801759365e-01 0.237220
2.639294755661831804e-01 0.242001
2.728933001275040127e-01 0.246976
2.821615626474641148e-01 0.252528
2.917446027383605589e-01 0.258130
3.016531111762638107e-01 0.264552
3.118981418275770801e-01 0.271275
3.224911239806571572e-01 0.277681
3.334438750962514519e-01 0.284811
3.447686139909804104e-01 0.292225
3.564779744685670493e-01 0.300476
3.685850194140262159e-01 0.308443
