1.000000000000000021e-02 0.152376
1.033962953709855956e-02 0.152378
1.069079389644409135e-02 0.152385
1.105388483467063115e-02 0.152388
1.142930741362462206e-02 0.152395
1.181748045224926755e-02 0.152395
1.221883699381613037e-02 0.152399
1.263382478902538332e-02 0.152404
1.306290679551347540e-02 0.152404
1.350656169432566146e-02 0.152408
1.396528442392935658e-02 0.152411
1.443958673236423428e-02 0.152415
1.492999774814496999e-02 0.152422
1.543706457055346246e-02 0.152425
1.596135287997922647e-02 0.152429
1.650344756898862800e-02 0.152436
1.706395339482722276e-02 0.152445
1.764349565408286982e-02 0.152452
1.824272088026253000e-02 0.152455
1.886229756506070665e-02 0.152464
1.950291690412438161e-02 0.152485
2.016529356814632246e-02 0.152494
2.085016650014692025e-02 0.152499
2.155829973983420036e-02 0.152519
2.229048327596137510e-02 0.152526
2.304753392763317019e-02 0.152538
2.383029625554369466e-02 0.152556
2.463964350416287738e-02 0.152573
2.547647857592211587e-02 0.152589
2.634173503848627820e-02 0.152610
2.723637816623567659e-02 0.152637
2.816140601711965633e-02 0.152656
2.911785054608354711e-02 0.152679
3.010677875631067105e-02 0.152707
3.112929388956412260e-02 0.152730
3.218653665695587335e-02 0.152781
3.327968651151664431e-02 0.152808
3.440996296398580317e-02 0.152827
3.557862694328949027e-02 0.152855
3.678698220322464130e-02 0.152889
3.803637677691805441e-02 0.152926
3.932820448068315849e-02 0.152949
4.066390646895234884e-02 0.152970
4.204497284201926671e-02 0.152996
4.347294430838489349e-02 0.153028
4.494941390356171212e-02 0.153070
4.647602876725353410e-02 0.153116
4.805449198089366963e-02 0.153160
4.968656446759137785e-02 0.153208
5.137406695660595712e-02 0.153245
5.311888201454020159e-02 0.153315
5.492295614551932770e-02 0.153377
5.678830196269801789e-02 0.153433
5.871700043351842091e-02 0.153500
6.071120320122359859e-02 0.153553
6.277313498521640278e-02 0.153659
6.490509606294181388e-02 0.153722
6.710946483606122781e-02 0.153809
6.938870048378156796e-02 0.153899
7.174534570629929886e-02 0.153976
7.418202956141996263e-02 0.154128
7.670147039751758211e-02 0.154279
7.930647888610631302e-02 0.154415
8.199996115740680602e-02 0.154544
8.478492204240579977e-02 0.154695
8.766446842502571835e-02 0.154882
9.064181270814394842e-02 0.155083
9.372027639732807835e-02 0.155282
9.690329380628542877e-02 0.155499
1.001944158881608177e-01 0.155726
1.035973141969564748e-01 0.155952
1.071157849834930426e-01 0.156186
1.107537534304822990e-01 0.156493
1.145152780314345059e-01 0.156754
1.184045551182873884e-01 0.157115
1.224259235428058618e-01 0.157517
1.265838695169764772e-01 0.157952
1.308830316177959918e-01 0.158414
1.353282059620367350e-01 0.158902
1.399243515567632212e-01 0.159445
1.446765958315671119e-01 0.159984
1.495902403586941432e-01 0.160534
1.546707667674426245e-01 0.161227
1.599238428594332018e-01 0.161900
1.653553289315704000e-01 0.162684
1.709712843137512206e-01 0.163451
1.767779741286137629e-01 0.164348
1.827818762808658959e-01 0.165462
1.889896886839935453e-01 0.166553
1.954083367324080112e-01 0.167848
2.020449810273707014e-01 0.169166
2.089070253653119158e-01 0.170698
2.160021249974576896e-01 0.172265
2.233381951699768553e-01 0.174059
2.309234199541774224e-01 0.175976
2.387662613766027564e-01 0.177971
2.468754688592115498e-01 0.180222
2.552600889801759365e-01 0.182920
2.639294755661831804e-01 0.185786
2.728933001275040127e-01 0.188761
2.821615626474641148e-01 0.192014
2.917446027383605589e-01 0.195682
3.016531111762638107e-01 0.199681
3.118981418275770801e-01 0.204265
3.224911239806571572e-01 0.209185
3.334438750962514519e-01 0.214231
3.447686139909804104e-01 0.219901
3.564779744685670493e-01 0.225861
3.685850194140262159e-01 0.232546
3.811032553665309464e-01 0.239698
3.940466475872198004e-01 0.247317
4.074296356387484552e-01 0.255570
4.212671494939705386e-01 0.264380
4.355746261917171624e-01 0.273647
4.503680270582540168e-01 0.284008
4.656638555136326518e-01 0.295182
4.814791754827949521e-01 0.306486
4.978316304319767016e-01 0.319096
