1.000000000000000021e-02 0.012274
1.033962953709855956e-02 0.012189
1.069079389644409135e-02 0.012263
1.105388483467063115e-02 0.012174
1.142930741362462206e-02 0.012033
1.181748045224926755e-02 0.011852
1.221883699381613037e-02 0.011746
1.263382478902538332e-02 0.011724
1.306290679551347540e-02 0.011749
1.350656169432566146e-02 0.011517
1.396528442392935658e-02 0.011623
1.443958673236423428e-02 0.011233
1.492999774814496999e-02 0.011293
1.543706457055346246e-02 0.011245
1.596135287997922647e-02 0.010945
1.650344756898862800e-02 0.011159
1.706395339482722276e-02 0.010953
1.764349565408286982e-02 0.011101
1.824272088026253000e-02 0.010803
1.886229756506070665e-02 0.010949
1.950291690412438161e-02 0.010901
2.016529356814632246e-02 0.010859
2.085016650014692025e-02 0.010745
2.155829973983420036e-02 0.010687
2.229048327596137510e-02 0.010443
2.304753392763317019e-02 0.010339
2.383029625554369466e-02 0.010401
2.463964350416287738e-02 0.010254
2.547647857592211587e-02 0.010181
2.634173503848627820e-02 0.009989
2.723637816623567659e-02 0.009825
2.816140601711965633e-02 0.009978
2.911785054608354711e-02 0.009807
3.010677875631067105e-02 0.009830
3.112929388956412260e-02 0.009675
3.218653665695587335e-02 0.009574
3.327968651151664431e-02 0.009407
3.440996296398580317e-02 0.009431
3.557862694328949027e-02 0.009329
3.678698220322464130e-02 0.009347
3.803637677691805441e-02 0.009218
3.932820448068315849e-02 0.009069
4.066390646895234884e-02 0.008993
4.204497284201926671e-02 0.008939
4.347294430838489349e-02 0.008988
4.494941390356171212e-02 0.008895
4.647602876725353410e-02 0.008882
4.805449198089366963e-02 0.008875
4.968656446759137785e-02 0.008710
5.137406695660595712e-02 0.008612
5.311888201454020159e-02 0.008628
5.492295614551932770e-02 0.008525
5.678830196269801789e-02 0.008490
5.871700043351842091e-02 0.008410
6.071120320122359859e-02 0.008398
6.277313498521640278e-02 0.008188
6.490509606294181388e-02 0.008173
6.710946483606122781e-02 0.008152
6.938870048378156796e-02 0.008127
7.174534570629929886e-02 0.008118
7.418202956141996263e-02 0.008128
7.670147039751758211e-02 0.008156
7.930647888610631302e-02 0.008141
8.199996115740680602e-02 0.008003
8.478492204240579977e-02 0.008087
8.766446842502571835e-02 0.007906
9.064181270814394842e-02 0.007946
9.372027639732807835e-02 0.008122
9.690329380628542877e-02 0.008033
1.001944158881608177e-01 0.008065
1.035973141969564748e-01 0.008118
1.071157849834930426e-01 0.008022
1.107537534304822990e-01 0.008058
1.145152780314345059e-01 0.008215
1.184045551182873884e-01 0.008381
1.224259235428058618e-01 0.008521
1.265838695169764772e-01 0.008387
1.308830316177959918e-01 0.008621
1.353282059620367350e-01 0.008805
1.399243515567632212e-01 0.008947
1.446765958315671119e-01 0.009169
1.495902403586941432e-01 0.009409
1.546707667674426245e-01 0.009746
1.599238428594332018e-01 0.010003
1.653553289315704000e-01 0.010361
1.709712843137512206e-01 0.011057
1.767779741286137629e-01 0.011528
1.827818762808658959e-01 0.012059
1.889896886839935453e-01 0.013059
1.954083367324080112e-01 0.013871
2.020449810273707014e-01 0.015138
2.089070253653119158e-01 0.017071
2.160021249974576896e-01 0.018945
2.233381951699768553e-01 0.021672
2.309234199541774224e-01 0.025312
2.387662613766027564e-01 0.030769
2.468754688592115498e-01 0.038977
2.552600889801759365e-01 0.053272
2.639294755661831804e-01 0.084513
2.728933001275040127e-01 0.229814
