1.000000000000000021e-02 0.003390
1.033962953709855956e-02 0.003348
1.069079389644409135e-02 0.003342
1.105388483467063115e-02 0.003316
1.142930741362462206e-02 0.003236
1.181748045224926755e-02 0.003185
1.221883699381613037e-02 0.003180
1.263382478902538332e-02 0.003138
1.306290679551347540e-02 0.003188
1.350656169432566146e-02 0.003009
1.396528442392935658e-02 0.003166
1.443958673236423428e-02 0.002976
1.492999774814496999e-02 0.003044
1.543706457055346246e-02 0.002965
1.596135287997922647e-02 0.003019
1.650344756898862800e-02 0.002990
1.706395339482722276e-02 0.002921
1.764349565408286982e-02 0.002932
1.824272088026253000e-02 0.002808
1.886229756506070665e-02 0.002834
1.950291690412438161e-02 0.002882
2.016529356814632246e-02 0.002786
2.085016650014692025e-02 0.002821
2.155829973983420036e-02 0.002743
2.229048327596137510e-02 0.002723
2.304753392763317019e-02 0.002627
2.383029625554369466e-02 0.002713
2.463964350416287738e-02 0.002755
2.547647857592211587e-02 0.002615
2.634173503848627820e-02 0.002608
2.723637816623567659e-02 0.002589
2.816140601711965633e-02 0.002561
2.911785054608354711e-02 0.002501
3.010677875631067105e-02 0.002608
3.112929388956412260e-02 0.002453
3.218653665695587335e-02 0.002472
3.327968651151664431e-02 0.002438
3.440996296398580317e-02 0.002451
3.557862694328949027e-02 0.002462
3.678698220322464130e-02 0.002436
3.803637677691805441e-02 0.002398
3.932820448068315849e-02 0.002374
4.066390646895234884e-02 0.002328
4.204497284201926671e-02 0.002302
4.347294430838489349e-02 0.002302
4.494941390356171212e-02 0.002263
4.647602876725353410e-02 0.002234
4.805449198089366963e-02 0.002264
4.968656446759137785e-02 0.002317
5.137406695660595712e-02 0.002201
5.311888201454020159e-02 0.002250
5.492295614551932770e-02 0.002158
5.678830196269801789e-02 0.002170
5.871700043351842091e-02 0.002142
6.071120320122359859e-02 0.002105
6.277313498521640278e-02 0.002076
6.490509606294181388e-02 0.002055
6.710946483606122781e-02 0.002099
6.938870048378156796e-02 0.002058
7.174534570629929886e-02 0.001991
7.418202956141996263e-02 0.002017
7.670147039751758211e-02 0.002076
7.930647888610631302e-02 0.002010
8.199996115740680602e-02 0.002056
8.478492204240579977e-02 0.002131
8.766446842502571835e-02 0.002006
9.064181270814394842e-02 0.002047
9.372027639732807835e-02 0.002070
9.690329380628542877e-02 0.002067
1.001944158881608177e-01 0.002024
1.035973141969564748e-01 0.002038
1.071157849834930426e-01 0.002029
1.107537534304822990e-01 0.002049
1.145152780314345059e-01 0.002030
1.184045551182873884e-01 0.002112
1.224259235428058618e-01 0.002123
1.265838695169764772e-01 0.002153
1.308830316177959918e-01 0.002149
1.353282059620367350e-01 0.002237
1.399243515567632212e-01 0.002268
1.446765958315671119e-01 0.002240
1.495902403586941432e-01 0.002348
1.546707667674426245e-01 0.002421
1.599238428594332018e-01 0.002496
1.653553289315704000e-01 0.002659
1.709712843137512206e-01 0.002770
1.767779741286137629e-01 0.002962
1.827818762808658959e-01 0.003035
1.889896886839935453e-01 0.003263
1.954083367324080112e-01 0.003459
2.020449810273707014e-01 0.003774
2.089070253653119158e-01 0.004190
2.160021249974576896e-01 0.004811
2.233381951699768553e-01 0.005572
2.309234199541774224e-01 0.006432
2.387662613766027564e-01 0.007706
2.468754688592115498e-01 0.010053
2.552600889801759365e-01 0.013634
2.639294755661831804e-01 0.021906
2.728933001275040127e-01 0.068999
