1.000000000000000021e-02 0.057972
1.033962953709855956e-02 0.057972
1.069079389644409135e-02 0.057980
1.105388483467063115e-02 0.057980
1.142930741362462206e-02 0.057980
1.181748045224926755e-02 0.057988
1.221883699381613037e-02 0.057980
1.263382478902538332e-02 0.057980
1.306290679551347540e-02 0.057980
1.350656169432566146e-02 0.057980
1.396528442392935658e-02 0.057980
1.443958673236423428e-02 0.057972
1.492999774814496999e-02 0.057980
1.543706457055346246e-02 0.057980
1.596135287997922647e-02 0.057988
1.650344756898862800e-02 0.057996
1.706395339482722276e-02 0.057996
1.764349565408286982e-02 0.058012
1.824272088026253000e-02 0.058021
1.886229756506070665e-02 0.058021
1.950291690412438161e-02 0.058021
2.016529356814632246e-02 0.058021
2.085016650014692025e-02 0.058029
2.155829973983420036e-02 0.058037
2.229048327596137510e-02 0.058053
2.304753392763317019e-02 0.058061
2.383029625554369466e-02 0.058069
2.463964350416287738e-02 0.058078
2.547647857592211587e-02 0.058078
2.634173503848627820e-02 0.058078
2.723637816623567659e-02 0.058086
2.816140601711965633e-02 0.058078
2.911785054608354711e-02 0.058102
3.010677875631067105e-02 0.058102
3.112929388956412260e-02 0.058110
3.218653665695587335e-02 0.058118
3.327968651151664431e-02 0.058167
3.440996296398580317e-02 0.058191
3.557862694328949027e-02 0.058199
3.678698220322464130e-02 0.058208
3.803637677691805441e-02 0.058224
3.932820448068315849e-02 0.058199
4.066390646895234884e-02 0.058199
4.204497284201926671e-02 0.058199
4.347294430838489349e-02 0.058199
4.494941390356171212e-02 0.058224
4.647602876725353410e-02 0.058273
4.805449198089366963e-02 0.058330
4.968656446759137785e-02 0.058346
5.137406695660595712e-02 0.058346
5.311888201454020159e-02 0.058419
5.492295614551932770e-02 0.058476
5.678830196269801789e-02 0.058525
5.871700043351842091e-02 0.058590
6.071120320122359859e-02 0.058614
6.277313498521640278e-02 0.058663
6.490509606294181388e-02 0.058703
6.710946483606122781e-02 0.058769
6.938870048378156796e-02 0.058882
7.174534570629929886e-02 0.058915
7.418202956141996263e-02 0.058956
7.670147039751758211e-02 0.059045
7.930647888610631302e-02 0.059159
8.199996115740680602e-02 0.059240
8.478492204240579977e-02 0.059321
8.766446842502571835e-02 0.059451
9.064181270814394842e-02 0.059533
9.372027639732807835e-02 0.059655
9.690329380628542877e-02 0.059809
1.001944158881608177e-01 0.060012
1.035973141969564748e-01 0.060199
1.071157849834930426e-01 0.060394
1.107537534304822990e-01 0.060557
1.145152780314345059e-01 0.060736
1.184045551182873884e-01 0.060988
1.224259235428058618e-01 0.061167
1.265838695169764772e-01 0.061541
1.308830316177959918e-01 0.061858
1.353282059620367350e-01 0.062207
1.399243515567632212e-01 0.062606
1.446765958315671119e-01 0.062939
1.495902403586941432e-01 0.063508
1.546707667674426245e-01 0.064158
1.599238428594332018e-01 0.064784
1.653553289315704000e-01 0.065402
1.709712843137512206e-01 0.066053
1.767779741286137629e-01 0.066890
1.827818762808658959e-01 0.067744
1.889896886839935453e-01 0.068849
1.954083367324080112e-01 0.069808
2.020449810273707014e-01 0.070914
2.089070253653119158e-01 0.072060
2.160021249974576896e-01 0.073239
2.233381951699768553e-01 0.074589
2.309234199541774224e-01 0.075767
2.387662613766027564e-01 0.077353
2.468754688592115498e-01 0.079279
2.552600889801759365e-01 0.081393
2.639294755661831804e-01 0.083084
2.728933001275040127e-01 0.085198
2.821615626474641148e-01 0.087710
2.917446027383605589e-01 0.090734
3.016531111762638107e-01 0.093596
3.118981418275770801e-01 0.096636
3.224911239806571572e-01 0.100213
3.334438750962514519e-01 0.103099
3.447686139909804104e-01 0.107383
3.564779744685670493e-01 0.111789
3.685850194140262159e-01 0.116375
