1.000000000000000021e-02 0.008396
1.033962953709855956e-02 0.008108
1.069079389644409135e-02 0.008474
1.105388483467063115e-02 0.008165
1.142930741362462206e-02 0.008097
1.181748045224926755e-02 0.007880
1.221883699381613037e-02 0.007660
1.263382478902538332e-02 0.008044
1.306290679551347540e-02 0.008083
1.350656169432566146e-02 0.007870
1.396528442392935658e-02 0.007859
1.443958673236423428e-02 0.007674
1.492999774814496999e-02 0.008062
1.543706457055346246e-02 0.007663
1.596135287997922647e-02 0.007567
1.650344756898862800e-02 0.007663
1.706395339482722276e-02 0.007617
1.764349565408286982e-02 0.007663
1.824272088026253000e-02 0.007450
1.886229756506070665e-02 0.007308
1.950291690412438161e-02 0.007493
2.016529356814632246e-02 0.007496
2.085016650014692025e-02 0.007642
2.155829973983420036e-02 0.007514
2.229048327596137510e-02 0.007532
2.304753392763317019e-02 0.007525
2.383029625554369466e-02 0.007326
2.463964350416287738e-02 0.007685
2.547647857592211587e-02 0.007674
2.634173503848627820e-02 0.007607
2.723637816623567659e-02 0.007706
2.816140601711965633e-02 0.007660
2.911785054608354711e-02 0.007535
3.010677875631067105e-02 0.007784
3.112929388956412260e-02 0.008222
3.218653665695587335e-02 0.008250
3.327968651151664431e-02 0.008389
3.440996296398580317e-02 0.008282
3.557862694328949027e-02 0.008456
3.678698220322464130e-02 0.008897
3.803637677691805441e-02 0.009132
3.932820448068315849e-02 0.009477
4.066390646895234884e-02 0.009338
4.204497284201926671e-02 0.010281
4.347294430838489349e-02 0.010683
4.494941390356171212e-02 0.011156
4.647602876725353410e-02 0.011838
4.805449198089366963e-02 0.012962
4.968656446759137785e-02 0.013926
5.137406695660595712e-02 0.015636
5.311888201454020159e-02 0.017155
5.492295614551932770e-02 0.019253
5.678830196269801789e-02 0.022574
5.871700043351842091e-02 0.027180
6.071120320122359859e-02 0.033477
6.277313498521640278e-02 0.044448
6.490509606294181388e-02 0.068591
6.710946483606122781e-02 0.159493
