1.000000000000000021e-02 0.157989
1.033962953709855956e-02 0.157989
1.069079389644409135e-02 0.157989
1.105388483467063115e-02 0.157989
1.142930741362462206e-02 0.158001
1.181748045224926755e-02 0.158001
1.221883699381613037e-02 0.158001
1.263382478902538332e-02 0.158001
1.306290679551347540e-02 0.158001
1.350656169432566146e-02 0.158001
1.396528442392935658e-02 0.158001
1.443958673236423428e-02 0.158001
1.492999774814496999e-02 0.158001
1.543706457055346246e-02 0.158001
1.596135287997922647e-02 0.158001
1.650344756898862800e-02 0.158001
1.706395339482722276e-02 0.158001
1.764349565408286982e-02 0.158001
1.824272088026253000e-02 0.158001
1.886229756506070665e-02 0.158001
1.950291690412438161e-02 0.158001
2.016529356814632246e-02 0.158014
2.085016650014692025e-02 0.158014
2.155829973983420036e-02 0.158014
2.229048327596137510e-02 0.158014
2.304753392763317019e-02 0.158014
2.383029625554369466e-02 0.158001
2.463964350416287738e-02 0.158001
2.547647857592211587e-02 0.158001
2.634173503848627820e-02 0.158001
2.723637816623567659e-02 0.158001
2.816140601711965633e-02 0.158001
2.911785054608354711e-02 0.157989
3.010677875631067105e-02 0.157989
3.112929388956412260e-02 0.158001
3.218653665695587335e-02 0.158001
3.327968651151664431e-02 0.158014
3.440996296398580317e-02 0.158014
3.557862694328949027e-02 0.158014
3.678698220322464130e-02 0.158014
3.803637677691805441e-02 0.158014
3.932820448068315849e-02 0.158014
4.066390646895234884e-02 0.158014
4.204497284201926671e-02 0.158014
4.347294430838489349e-02 0.158014
4.494941390356171212e-02 0.158014
4.647602876725353410e-02 0.158014
4.805449198089366963e-02 0.158026
4.968656446759137785e-02 0.158039
5.137406695660595712e-02 0.158039
5.311888201454020159e-02 0.158039
5.492295614551932770e-02 0.158039
5.678830196269801789e-02 0.158039
5.871700043351842091e-02 0.158039
6.071120320122359859e-02 0.158051
6.277313498521640278e-02 0.158051
6.490509606294181388e-02 0.158051
6.710946483606122781e-02 0.158051
6.938870048378156796e-02 0.158051
7.174534570629929886e-02 0.158076
7.418202956141996263e-02 0.158089
7.670147039751758211e-02 0.158076
7.930647888610631302e-02 0.158101
8.199996115740680602e-02 0.158126
8.478492204240579977e-02 0.158139
8.766446842502571835e-02 0.158151
9.064181270814394842e-02 0.158188
9.372027639732807835e-02 0.158188
9.690329380628542877e-02 0.158213
1.001944158881608177e-01 0.158226
1.035973141969564748e-01 0.158226
1.071157849834930426e-01 0.158251
1.107537534304822990e-01 0.158263
1.145152780314345059e-01 0.158301
1.184045551182873884e-01 0.158313
1.224259235428058618e-01 0.158338
1.265838695169764772e-01 0.158401
1.308830316177959918e-01 0.158438
1.353282059620367350e-01 0.158463
1.399243515567632212e-01 0.158501
1.446765958315671119e-01 0.158563
1.495902403586941432e-01 0.158613
1.546707667674426245e-01 0.158650
1.599238428594332018e-01 0.158663
1.653553289315704000e-01 0.158675
1.709712843137512206e-01 0.158763
1.767779741286137629e-01 0.158750
1.827818762808658959e-01 0.158863
1.889896886839935453e-01 0.158938
1.954083367324080112e-01 0.158988
2.020449810273707014e-01 0.159100
2.089070253653119158e-01 0.159112
2.160021249974576896e-01 0.159200
2.233381951699768553e-01 0.159362
2.309234199541774224e-01 0.159500
2.387662613766027564e-01 0.159612
2.468754688592115498e-01 0.159724
2.552600889801759365e-01 0.159924
2.639294755661831804e-01 0.160124
2.728933001275040127e-01 0.160299
2.821615626474641148e-01 0.160449
2.917446027383605589e-01 0.160573
3.016531111762638107e-01 0.160848
3.118981418275770801e-01 0.160985
3.224911239806571572e-01 0.161323
3.334438750962514519e-01 0.161647
3.447686139909804104e-01 0.161934
3.564779744685670493e-01 0.162321
3.685850194140262159e-01 0.162521
3.811032553665309464e-01 0.163008
3.940466475872198004e-01 0.163383
4.074296356387484552e-01 0.163770
4.212671494939705386e-01 0.164257
4.355746261917171624e-01 0.164781
4.503680270582540168e-01 0.165268
4.656638555136326518e-01 0.165980
4.814791754827949521e-01 0.166717
4.978316304319767016e-01 0.167516
5.147394630516397562e-01 0.168302
5.322215356078986437e-01 0.169052
5.502973509851381007e-01 0.169938
5.689870744433024319e-01 0.171037
5.883115561141266658e-01 0.172323
6.082923542614037116e-01 0.173622
6.289517593312430321e-01 0.175507
6.503128188191421577e-01 0.177205
6.723993629816225059e-01 0.179165
6.952360314211036840e-01 0.181475
7.188483005736825415e-01 0.183673
7.432625121304751170e-01 0.186482
7.685059024242332226e-01 0.189741
7.946066328140184432e-01 0.193063
8.215938211018249948e-01 0.196659
8.494975740162099553e-01 0.200105
8.783490207991568877e-01 0.203988
9.081803479336559848e-01 0.208858
9.390248350507270914e-01 0.214077
9.709168920559599902e-01 0.219908
1.003892097516973170e+00 0.225365
1.037987238354632247e+00 0.231370
1.073240350882291860e+00 0.237376
1.109690763238856626e+00 0.243682
1.147379139262991510e+00 0.250649
1.186347523857434583e+00 0.258291
1.226639389894006893e+00 0.266432
1.268299686711662932e+00 0.275971
1.311374890261674642e+00 0.285661
1.355913054955899089e+00 0.296586
1.401963867275955788e+00 0.309085
1.449578701203139586e+00 0.324605
1.498810675530894754e+00 0.343759
