1.000000000000000021e-02 0.044888
1.033962953709855956e-02 0.044888
1.069079389644409135e-02 0.044888
1.105388483467063115e-02 0.044888
1.142930741362462206e-02 0.044888
1.181748045224926755e-02 0.044888
1.221883699381613037e-02 0.044888
1.263382478902538332e-02 0.044888
1.306290679551347540e-02 0.044888
1.350656169432566146e-02 0.044888
1.396528442392935658e-02 0.044888
1.443958673236423428e-02 0.044888
1.492999774814496999e-02 0.044888
1.543706457055346246e-02 0.044888
1.596135287997922647e-02 0.044888
1.650344756898862800e-02 0.044888
1.706395339482722276e-02 0.044888
1.764349565408286982e-02 0.044888
1.824272088026253000e-02 0.044888
1.886229756506070665e-02 0.044888
1.950291690412438161e-02 0.044888
2.016529356814632246e-02 0.044888
2.085016650014692025e-02 0.044888
2.155829973983420036e-02 0.044888
2.229048327596137510e-02 0.044888
2.304753392763317019e-02 0.044888
2.383029625554369466e-02 0.044888
2.463964350416287738e-02 0.044901
2.547647857592211587e-02 0.044901
2.634173503848627820e-02 0.044901
2.723637816623567659e-02 0.044901
2.816140601711965633e-02 0.044913
2.911785054608354711e-02 0.044913
3.010677875631067105e-02 0.044913
3.112929388956412260e-02 0.044913
3.218653665695587335e-02 0.044913
3.327968651151664431e-02 0.044913
3.440996296398580317e-02 0.044913
3.557862694328949027e-02 0.044913
3.678698220322464130e-02 0.044913
3.803637677691805441e-02 0.044913
3.932820448068315849e-02 0.044913
4.066390646895234884e-02 0.044913
4.204497284201926671e-02 0.044913
4.347294430838489349e-02 0.044913
4.494941390356171212e-02 0.044913
4.647602876725353410e-02 0.044938
4.805449198089366963e-02 0.044938
4.968656446759137785e-02 0.044951
5.137406695660595712e-02 0.044951
5.311888201454020159e-02 0.044951
5.492295614551932770e-02 0.044963
5.678830196269801789e-02 0.044963
5.871700043351842091e-02 0.044963
6.071120320122359859e-02 0.044963
6.277313498521640278e-02 0.044976
6.490509606294181388e-02 0.044976
6.710946483606122781e-02 0.044976
6.938870048378156796e-02 0.044976
7.174534570629929886e-02 0.044963
7.418202956141996263e-02 0.044963
7.670147039751758211e-02 0.044976
7.930647888610631302e-02 0.044988
8.199996115740680602e-02 0.044988
8.478492204240579977e-02 0.045000
8.766446842502571835e-02 0.045013
9.064181270814394842e-02 0.045013
9.372027639732807835e-02 0.045025
9.690329380628542877e-02 0.045013
1.001944158881608177e-01 0.045013
1.035973141969564748e-01 0.045013
1.071157849834930426e-01 0.045025
1.107537534304822990e-01 0.045038
1.145152780314345059e-01 0.045100
1.184045551182873884e-01 0.045100
1.224259235428058618e-01 0.045138
1.265838695169764772e-01 0.045150
1.308830316177959918e-01 0.045175
1.353282059620367350e-01 0.045188
1.399243515567632212e-01 0.045188
1.446765958315671119e-01 0.045188
1.495902403586941432e-01 0.045175
1.546707667674426245e-01 0.045200
1.599238428594332018e-01 0.045213
1.653553289315704000e-01 0.045238
1.709712843137512206e-01 0.045288
1.767779741286137629e-01 0.045288
1.827818762808658959e-01 0.045300
1.889896886839935453e-01 0.045363
1.954083367324080112e-01 0.045425
2.020449810273707014e-01 0.045462
2.089070253653119158e-01 0.045500
2.160021249974576896e-01 0.045525
2.233381951699768553e-01 0.045600
2.309234199541774224e-01 0.045612
2.387662613766027564e-01 0.045637
2.468754688592115498e-01 0.045675
2.552600889801759365e-01 0.045675
2.639294755661831804e-01 0.045737
2.728933001275040127e-01 0.045750
2.821615626474641148e-01 0.045800
2.917446027383605589e-01 0.045924
3.016531111762638107e-01 0.046074
3.118981418275770801e-01 0.046199
3.224911239806571572e-01 0.046337
3.334438750962514519e-01 0.046386
3.447686139909804104e-01 0.046449
3.564779744685670493e-01 0.046586
3.685850194140262159e-01 0.046699
3.811032553665309464e-01 0.046799
3.940466475872198004e-01 0.046873
4.074296356387484552e-01 0.046948
4.212671494939705386e-01 0.047011
4.355746261917171624e-01 0.047123
4.503680270582540168e-01 0.047298
4.656638555136326518e-01 0.047473
4.814791754827949521e-01 0.047723
4.978316304319767016e-01 0.047885
5.147394630516397562e-01 0.048197
5.322215356078986437e-01 0.048484
5.502973509851381007e-01 0.048684
5.689870744433024319e-01 0.048934
5.883115561141266658e-01 0.049208
6.082923542614037116e-01 0.049446
6.289517593312430321e-01 0.049808
6.503128188191421577e-01 0.050332
6.723993629816225059e-01 0.050844
6.952360314211036840e-01 0.051393
7.188483005736825415e-01 0.051855
7.432625121304751170e-01 0.052792
7.685059024242332226e-01 0.053504
7.946066328140184432e-01 0.054503
8.215938211018249948e-01 0.055689
8.494975740162099553e-01 0.057125
8.783490207991568877e-01 0.058923
9.081803479336559848e-01 0.060733
9.390248350507270914e-01 0.062843
9.709168920559599902e-01 0.064879
1.003892097516973170e+00 0.066926
1.037987238354632247e+00 0.069199
1.073240350882291860e+00 0.071434
1.109690763238856626e+00 0.072970
1.147379139262991510e+00 0.074356
1.186347523857434583e+00 0.075517
1.226639389894006893e+00 0.076853
1.268299686711662932e+00 0.077365
1.311374890261674642e+00 0.077565
1.355913054955899089e+00 0.077864
1.401963867275955788e+00 0.079438
1.449578701203139586e+00 0.082647
1.498810675530894754e+00 0.086954
