1.000000000000000021e-02 0.002166
1.033962953709855956e-02 0.001942
1.069079389644409135e-02 0.002269
1.105388483467063115e-02 0.002031
1.142930741362462206e-02 0.002098
1.181748045224926755e-02 0.001956
1.221883699381613037e-02 0.002059
1.263382478902538332e-02 0.002183
1.306290679551347540e-02 0.002080
1.350656169432566146e-02 0.002098
1.396528442392935658e-02 0.002084
1.443958673236423428e-02 0.002077
1.492999774814496999e-02 0.002095
1.543706457055346246e-02 0.002002
1.596135287997922647e-02 0.001835
1.650344756898862800e-02 0.001942
1.706395339482722276e-02 0.001977
1.764349565408286982e-02 0.001984
1.824272088026253000e-02 0.001899
1.886229756506070665e-02 0.001917
1.950291690412438161e-02 0.001888
2.016529356814632246e-02 0.001924
2.085016650014692025e-02 0.001963
2.155829973983420036e-02 0.001881
2.229048327596137510e-02 0.001899
2.304753392763317019e-02 0.001931
2.383029625554369466e-02 0.001828
2.463964350416287738e-02 0.001974
2.547647857592211587e-02 0.001952
2.634173503848627820e-02 0.001949
2.723637816623567659e-02 0.001963
2.816140601711965633e-02 0.001892
2.911785054608354711e-02 0.001963
3.010677875631067105e-02 0.001938
3.112929388956412260e-02 0.002137
3.218653665695587335e-02 0.002116
3.327968651151664431e-02 0.002187
3.440996296398580317e-02 0.002063
3.557862694328949027e-02 0.002183
3.678698220322464130e-02 0.002144
3.803637677691805441e-02 0.002308
3.932820448068315849e-02 0.002347
4.066390646895234884e-02 0.002283
4.204497284201926671e-02 0.002596
4.347294430838489349e-02 0.002628
4.494941390356171212e-02 0.002792
4.647602876725353410e-02 0.002991
4.805449198089366963e-02 0.003403
4.968656446759137785e-02 0.003489
5.137406695660595712e-02 0.003883
5.311888201454020159e-02 0.004324
5.492295614551932770e-02 0.004993
5.678830196269801789e-02 0.005921
5.871700043351842091e-02 0.007183
6.071120320122359859e-02 0.008410
6.277313498521640278e-02 0.011426
6.490509606294181388e-02 0.017525
6.710946483606122781e-02 0.045231
