 -0.00286463521647463  0.01050872481490797  0.02141803990969300  0.03207092993778633
  0.04256783294247171  0.05312831799215245  0.06393592639027051  0.07433008212272073
  0.08447834630816244  0.09454972040261934  0.10516789309882045  0.11602384811977315
  0.12663200635818370  0.13700497050699606  0.14751294820251021  0.15785378271808179
  0.16825938204592739  0.17873480362928348  0.18943735985692967  0.20008613927547073
  0.21047643890741757  0.22084633947863463  0.23130980334406392  0.24164222412617239
  0.25157956787221847  0.26142177576462211  0.27149176927825314  0.28204564086645995
  0.29257776653592260  0.30283938988133674  0.31303757434629559  0.32386414760593851
  0.33462574510510756  0.34533532231443015  0.35570427164082452  0.36678559184065468
  0.37767966166294054  0.38891877839003725  0.39993563758829709  0.41089446689256726
  0.42181133287962763  0.43238764940632307  0.44319922531354994  0.45377388508778604
  0.46473510625517828  0.47604383336027123  0.48705073988678810  0.49795692833635191
  0.50812413741602513  0.51832161950032918  0.52851496874228188  0.53878583425828097
  0.54891792257035199  0.55908790234108319  0.56968549934598656  0.58007416087232766
  0.59016528742023144  0.60014595159895578  0.61044375962339859  0.62041390006397534
  0.63031718764010414  0.64027887914841575  0.65110207404117426  0.66200776143887152
  0.67249734042248843  0.68261991559625856  0.69281309601994812  0.70328397164627721
  0.71366455884760993  0.72400337681108640  0.73439755942986762  0.74521675850929803
  0.75593956583615496  0.76683422901190512  0.77770332649279506  0.78879654627997986
  0.79941708305465542  0.80981753386000210  0.81993746974674808  0.82990233790940149
  0.84030465664508258  0.85084738250550862  0.86126118154152298  0.87155969724921889
  0.88191831457803771  0.89243546312840627  0.90288650874047582  0.91337056103139569
  0.92381327440359928  0.93413969470402003  0.94474490321558968  0.95558504033569369
  0.96676934015014593  0.97780761566535246  0.98899296558866179  1.00000000000000000
 -0.00237587312960891  0.01011575262997228  0.02071875070862258  0.03155509865334737
  0.04233763938573162  0.05274866656074234  0.06283536668839282  0.07281586598726346
  0.08288825851212242  0.09340519770353439  0.10398548992449121  0.11424532995927686
  0.12417438212837238  0.13426903885525565  0.14454808897654176  0.15512619024019789
  0.16599809328143958  0.17698589487315480  0.18778740105887171  0.19827761829340684
  0.20880822054936082  0.21962038390337546  0.23049897374199615  0.24114378267704001
  0.25167032299819991  0.26220698403068204  0.27258056519581136  0.28271903557417927
  0.29290867302981266  0.30330137443447952  0.31375209376972790  0.32394358845411325
  0.33448550508305186  0.34461786009634587  0.35490283013461188  0.36525241450668755
  0.37570382323651347  0.38636287726417679  0.39720156768383752  0.40841863289607044
  0.41934132493484483  0.43006916858517757  0.44072833692813596  0.45144266584786652
  0.46216323859675174  0.47289499475329527  0.48366329562664684  0.49455828345654695
  0.50559005369627286  0.51664299900847832  0.52752048607030544  0.53788198161332446
  0.54811267895218074  0.55845004967232870  0.56912574643695024  0.57987887367889213
  0.59060412778984051  0.60111513153147333  0.61130069282550192  0.62120503564784335
  0.63127485322947685  0.64148287587992947  0.65194601001330443  0.66229189667056965
  0.67225575856388198  0.68233606281368797  0.69256228266393527  0.70330978127988864
  0.71404989761845750  0.72513472192277373  0.73633120533743857  0.74705951407349069
  0.75744195660900115  0.76787314638754034  0.77867119278219010  0.78963462020990494
  0.80026084798963459  0.81064900093778380  0.82126045828919714  0.83186968885231050
  0.84273400045775648  0.85346675490438473  0.86432704605753963  0.87508316093812133
  0.88572582957052015  0.89658035760517985  0.90737662892064719  0.91791490235186290
  0.92789158288786167  0.93781604443503952  0.94787885138465411  0.95843578969543841
  0.96915101899456113  0.97957202438857816  0.98995925454793432  1.00000000000000000
  0.97775433770756015  0.97785604271693793  0.97797927924059957  0.97808728149335122
  0.97818614269045301  0.97828004661010781  0.97837092463226139  0.97845852194458915
  0.97854325372950723  0.97862623687057815  0.97870830128817010  0.97878923035955834
  0.97886936837388006  0.97895014929448354  0.97902637481141441  0.97909990202943653
  0.97920385214560157  0.97931802378725374  0.97944342316767274  0.97958255448949227
  0.97972262414888966  0.97985864539197154  0.97998944856788373  0.98011910604195285
  0.98024864723885718  0.98037930394904704  0.98051076077559229  0.98064241472775271
  0.98077377348473893  0.98090576366866344  0.98103767952141951  0.98117113536532286
  0.98130736993264012  0.98144269852702026  0.98157950783089343  0.98171637426431457
  0.98185325975654603  0.98199092509327002  0.98213158417863067  0.98227432403412518
  0.98241850606252534  0.98256452104014047  0.98271199674418996  0.98285977162826366
  0.98300969393331850  0.98316072537719612  0.98331283052902596  0.98346606922436330
  0.98362049004357233  0.98377619153145035  0.98393428118708937  0.98409338380977585
  0.98425556175294004  0.98442110869295407  0.98458992608982010  0.98476194565561304
  0.98493697084491227  0.98511334109243720  0.98529409022349623  0.98547582768270703
  0.98565957405034854  0.98584436818313192  0.98603238524152714  0.98622456138595282
  0.98642102948234389  0.98662394319329283  0.98682990098696333  0.98704232545844683
  0.98725764262060567  0.98747923235267643  0.98770612739176655  0.98794200221141937
  0.98818333266378799  0.98843071886484757  0.98868376440656569  0.98894340125674329
  0.98921079357356656  0.98948392654119754  0.98976499579058042  0.99006002488068590
  0.99036321689428153  0.99068066515479813  0.99100872383047178  0.99135544795727293
  0.99172061705603065  0.99210189635015278  0.99250415046275553  0.99293617216627839
  0.99339936195320322  0.99389671486277098  0.99444023743129883  0.99504869828856324
  0.99574344493090861  0.99660571400708853  0.99775161819973446  1.00000000000000000
 -0.00447629729039063  0.02337918402272017  0.04221629348246003  0.05699369155580437
  0.06964815704931773  0.08128888020403501  0.09234735839079601  0.10281373078030465
  0.11281363364031129  0.12259490227073175  0.13247466745382716  0.14201450991943465
  0.15121854887433109  0.16008573682411315  0.16907620460214814  0.17777385291089617
  0.18643702075247559  0.19469054598051366  0.20278206847861938  0.21071593063868918
  0.21852310241207532  0.22642547538052135  0.23388158504834433  0.24130096253063904
  0.24866593504214612  0.25623333435014722  0.26384461826373190  0.27151860846388193
  0.27945663061508874  0.28748489137353933  0.29544964862499967  0.30330389440628103
  0.31106502344573006  0.31892664847496366  0.32689281960134980  0.33489498839495202
  0.34242922669655396  0.35017612659288888  0.35816442556525685  0.36656183134602743
  0.37484970483019486  0.38309661294579300  0.39121975096329120  0.39923568390240538
  0.40701692794185729  0.41476564240881147  0.42264117229593751  0.43079129056413806
  0.43896826467651506  0.44745893591256108  0.45606371034818716  0.46472132421002832
  0.47368628693525244  0.48269617412505889  0.49174488649765513  0.50084134667353564
  0.50994524249737949  0.51941820496082636  0.52922694569374173  0.53891140727414788
  0.54834892896579968  0.55789225403250242  0.56784450821612509  0.57803554045698768
  0.58803965140665437  0.59782688356127878  0.60766699575721794  0.61766780358037154
  0.62781327101095430  0.63813432909231871  0.64863578304664060  0.65933413841626576
  0.67032481060361071  0.68149375292462666  0.69231882889820862  0.70271447696681366
  0.71306455347113384  0.72373978227650682  0.73497757829564803  0.74650383123393282
  0.75821710266526854  0.77011204829894009  0.78213941739629755  0.79418805758884881
  0.80617114148519609  0.81853651959374851  0.83135105516660612  0.84504740340599371
  0.85901171271368160  0.87314655382724427  0.88790538501253224  0.90352519896777050
  0.92016628910935605  0.93920460450392562  0.96425514084623831  1.00000000000000000
   1.6031528888417089E-026  -1.0000000000000000     
 F F F F F F F F F F F F F F F F F F F F F F F F F F F F F F F F
  <DiscreteSampler_grid>
  grouped_processes
  1 # 1 for a reference and 2 for a running grid.
  10 # Attribute 'min_bin_probing_points' of the grid.
  1 # Attribute 'grid_mode' of the grid. 1=='default',2=='initialization'
  0.0000000000000000 # Attribute 'small_contrib_threshold' of the grid.
  0.5000000000000000 # Attribute 'damping_power' of the grid.
 # binID   n_entries weight   weight_sqr   abs_weight
    10   10   3.142627008612579E+002   9.877336082447828E+004   3.142627008612579E+002
    11   10   3.142627008612581E+002   9.877336082447830E+004   3.142627008612581E+002
  </DiscreteSampler_grid>
